10000
9733
5358
2621
5687
4485
5273
1319
3238
2688
8455
6598
2110
4006
5251
7610
2742
655
6076
8011
3643
1904
2401
305
5927
9486
2512
3630
6231
3645
3011
5478
4882
5612
1152
6214
4435
6813
5790
4475
1863
1413
4007
3986
4889
9129
6551
752
3437
6111
1093
3306
2563
4621
2440
5774
849
38
1116
8108
3076
324
5155
8656
7681
6147
3132
3610
9848
5077
2069
94
7517
8991
4806
8565
1941
9216
4126
9549
8450
1679
1771
6554
8364
8440
6281
4823
9726
3301
8746
3205
8603
542
6841
6472
7219
3046
7890
8787
2099
3402
1194
840
3541
9269
4064
6976
2858
5477
2493
3454
1636
4372
3289
1085
1100
5506
9500
7453
2473
9592
1150
5021
9399
9970
651
3550
4166
947
9656
2114
3905
5923
9072
5241
7912
3124
8888
6403
5083
1192
5625
9621
731
8911
7290
7025
6501
6338
185
4585
6727
350
9224
9312
608
1897
709
3006
8688
2262
9734
5208
1420
6096
9647
9265
2074
4401
8949
6139
9761
770
5309
7931
9663
4363
7271
2243
1539
19
2269
6304
3603
2117
43
8258
4933
7436
4353
2664
1811
7758
3997
9637
5274
5901
9769
1197
7958
3578
8339
3336
7278
1165
9608
464
4986
2398
3975
942
7319
33
2453
3543
5882
5628
807
5627
6291
8947
4224
5234
2665
7814
5761
5109
1332
5858
5701
1040
2280
5355
7646
265
2301
7864
6129
2291
2196
7120
2007
7913
9564
3358
8539
6646
1307
9027
3146
935
6858
5214
6734
1297
4702
3434
2014
7111
684
2080
7706
8877
3763
4395
7504
9541
4879
5152
5199
1368
7538
9373
1324
4885
6612
5553
8180
6197
6013
182
5467
1402
808
8175
6245
1076
8025
1378
4625
6740
3397
850
2565
6263
6549
4140
2253
938
3549
781
7693
3389
1925
8536
9874
3965
6478
6894
7335
1982
2876
5093
4598
171
230
6410
5459
2419
5842
6936
263
2667
1719
9888
7776
4893
7204
3266
4604
245
3070
6207
3489
5202
8228
6751
1829
1361
2241
258
9532
8091
7077
6944
1556
3103
3154
8779
8397
1273
5269
9517
3043
5759
2987
1973
5116
3038
5095
20
8818
2853
7356
2050
5247
9893
7575
6464
5089
1749
4443
1551
231
7311
2756
7727
1117
4988
7701
9890
7104
6625
1490
6242
294
4483
2466
2299
7133
3845
9064
8980
846
1365
4252
5561
2302
3156
1960
5414
9096
5548
7687
855
4045
7861
6252
9560
7515
4951
8384
2361
5404
2059
6941
1387
1632
5714
3244
5810
7116
6804
7
4569
3702
3401
9750
7514
9800
6455
5441
2397
2061
7487
4004
9858
8545
5003
3186
271
9186
248
7476
3616
391
8184
8241
1626
9889
9086
9461
7123
9290
9607
3836
2743
5707
2693
4965
6034
3626
5667
5702
842
78
4028
5080
7037
1289
8032
9140
427
8753
1700
1006
1892
3072
9580
4226
9875
4307
3596
4820
3577
7410
5688
9049
5566
3112
5509
4202
5075
3830
2943
7697
7683
4076
1654
5166
5176
537
3106
216
1154
8628
3710
8136
4094
9855
6260
3781
6911
4841
8191
5529
4014
4314
6919
325
550
9923
5875
2850
9601
8649
4396
7372
6467
1102
5698
3379
8245
4551
2620
3335
6136
11
5020
8426
3461
1765
9969
5599
1135
9264
9297
5815
6460
2307
3752
35
6045
6494
5162
7188
7570
6651
4369
4200
8467
3798
3876
6701
8048
2898
2004
9713
6830
3704
2573
2788
6742
2118
9242
5450
5868
8059
3163
6314
4056
3261
3182
202
8641
532
6125
7351
5789
2810
7156
4538
5257
1044
7331
4460
8935
9835
9798
3608
5096
5834
7098
8076
8572
7030
1583
5484
4779
2877
2335
5820
5299
222
7299
9501
9393
3672
1270
9620
6802
6713
1396
1244
1722
9980
3685
9039
7076
7506
5485
357
9402
2686
1934
8392
54
1611
3553
5203
6575
4324
1325
2560
8092
4245
4546
6685
7337
6593
9286
3788
278
9076
4378
5496
1953
3491
9622
4623
3218
9430
1180
4490
7812
7889
4345
951
1857
2557
7953
9867
7420
8058
8992
2869
6899
9494
1690
1880
2079
7101
9577
9829
2194
1168
835
8733
4005
6781
9346
3918
5791
5652
3797
1418
1083
6091
5069
5226
6647
3785
2369
3847
2387
1927
1237
7532
3399
6840
9234
5645
287
2008
5730
2284
8138
3056
2843
7759
2075
5222
9952
1609
8916
3350
4085
5248
1802
2252
4925
6019
4174
2802
469
8970
4627
8359
1421
3528
5084
8696
9999
4318
30
3724
6221
5460
380
577
4595
8870
7478
9665
4501
9134
9176
4554
3348
4308
9563
6511
4589
6901
2088
6205
6895
7723
525
2896
8135
812
9340
4694
9316
3984
268
3902
945
2996
2197
7766
4458
5148
4955
7451
9759
467
4874
1211
7305
2208
5221
9431
2818
3869
6101
7416
9125
5855
5352
5275
9281
8507
8858
620
7488
4640
9233
4190
3141
2422
3432
1140
2000
8563
6265
7888
4212
6063
124
8204
5216
5984
1872
2480
6474
8342
8445
7833
3426
5252
3881
4531
7856
3362
9652
1008
2598
8721
2372
8296
5517
7435
8701
5200
1743
3609
9880
6095
5942
349
5833
3026
8351
3074
3653
5683
4020
6700
3551
6484
9453
4930
5079
1596
1329
5487
234
6597
7877
7128
5813
5412
7593
9594
2293
9921
8543
4323
5306
1348
4876
3418
8620
6379
9130
7769
1320
7210
290
5372
3962
7951
1671
2671
3148
8299
6083
4344
8848
8218
7362
9100
943
8026
9497
5482
1848
5139
9600
4745
2885
998
1164
2274
8377
7933
6018
7386
4828
2338
1695
3890
9597
1965
7023
3940
6682
7164
7881
4992
6469
2442
5323
1390
1349
6066
4284
6203
1178
9120
7883
6898
4066
9939
7057
3263
949
1246
1458
1531
1327
189
9856
3178
9082
5886
8674
2690
4579
5567
2678
3143
1707
6027
3530
1179
4535
4611
4948
1874
3669
5648
7163
3082
8695
1280
9355
7250
7161
1198
8625
2019
7495
5018
8691
9522
4849
1302
5514
3858
9403
9836
2039
4692
417
8613
9757
7246
1515
3819
4422
2468
8411
5800
2179
7019
2603
5318
7085
6498
3436
2064
9329
4434
3671
9390
3394
8930
1292
4943
3771
9161
8967
6390
732
7088
5361
5601
4807
6261
7714
4860
8667
6545
9451
7244
6458
8100
8754
15
8511
3227
9462
150
8095
8680
4256
6118
8171
1249
4165
1012
3857
1321
8553
1555
4413
7614
6704
7152
3316
4817
5957
1561
7866
9459
2699
450
8399
2522
721
2006
3139
1714
4189
5215
5218
7546
596
5704
485
3125
1887
773
5211
1221
69
9960
9048
7070
1613
6438
3854
2207
2567
1816
7187
7203
4781
3257
1153
7415
9861
8428
2989
3355
3201
6943
4787
4525
3064
2777
8016
1584
4979
7109
1343
9635
8469
8805
7267
8082
5848
1831
8951
3985
9570
9695
5325
1136
6900
3429
3972
6968
6638
7232
9434
4225
6896
6158
2132
2604
6280
2971
343
5424
4095
9933
3811
8582
7893
4964
6965
8350
579
4331
2580
7935
369
8174
8152
5710
6004
235
6309
8974
4878
8464
5403
9079
4659
7447
114
1593
7589
36
8987
8425
5579
3405
1022
8012
6288
9955
9741
7573
3515
4995
4797
7479
2152
7106
4565
7603
2379
5442
9203
7567
2010
9362
7901
6100
7162
588
7094
628
7349
6946
6878
4210
1163
8233
9081
6732
8955
8925
8900
6866
387
5945
8559
8602
7052
6339
3737
955
4761
7634
4000
3477
445
6767
8884
6196
9058
5956
1408
5007
7772
8940
5597
48
9706
1778
1670
2355
2199
3391
8827
8341
5158
5191
4263
1517
5830
2915
8851
8718
7322
7986
4240
4987
7284
8768
3096
576
1930
3822
3586
974
5197
1357
2953
700
8503
7446
7596
1895
3413
8644
5636
5591
667
1400
7471
727
4668
7224
4099
1438
4022
2428
7692
9478
3136
1482
7553
7426
2751
7062
9609
501
3908
5023
2815
2956
6453
5198
3495
2759
8596
8849
4123
5925
7571
6046
7897
5192
6331
8965
8794
7984
9671
3946
6104
9294
6217
2848
7363
2518
3939
6972
6154
3601
4084
7577
82
3049
5941
1466
32
9267
5666
1344
4299
1732
1241
8682
2314
6935
7852
2790
2551
9540
5746
1823
4246
4756
6202
9187
6394
2940
217
8005
2806
8418
5607
9341
2393
3278
8298
5103
3804
8190
1541
1585
4193
4548
1559
4009
228
1367
5643
3711
8415
1658
6183
5874
2133
6924
6940
7851
4904
371
374
3003
9917
820
9437
384
8605
6938
7505
398
8129
5326
7142
2449
4424
4464
8223
4268
1845
9358
7144
5681
2142
5853
7551
4371
8524
554
6307
3920
4275
3048
6529
7231
6186
9979
3576
8655
3968
8800
7327
1247
4695
772
1493
2337
2123
7583
2783
2651
3757
722
5699
3658
1651
8757
3773
9062
7328
2732
3328
8648
2371
1813
5685
4584
7944
3994
6105
1342
6874
4648
8476
3282
1003
5502
6274
8436
6292
6238
1800
7722
6658
4177
551
6753
5769
7493
2232
7921
1855
872
8403
7288
8118
1951
6055
1928
8256
5832
4624
1053
5905
5931
5136
7131
8837
1094
5987
9285
10
8570
8020
2388
6528
5986
4142
7923
9268
3134
4942
5494
9384
989
733
2935
8300
6232
366
1050
4404
5962
3860
3556
3372
4983
2521
8354
1942
4171
4731
6730
6023
5425
8957
9947
123
2623
6566
1673
9505
4813
3439
7464
7771
4309
7236
1746
3171
2182
5578
4903
4073
8290
2054
8311
8931
701
1058
7653
281
2297
2861
4033
4516
7286
4944
1189
7247
2239
9877
1108
9398
1961
6716
1315
6847
1660
2593
1422
7559
3231
4453
7314
659
1615
6790
6354
2226
379
3137
5679
4156
3511
6037
2625
8622
5533
1233
439
2417
8861
4578
2072
9754
1219
7512
7054
7432
3377
1191
2272
4154
4152
1521
2750
6264
6905
4258
8408
9256
9649
1266
6368
4093
803
3113
6098
5316
8709
2701
1303
834
9598
969
7434
180
7622
5209
6036
4127
7630
183
8715
1730
4489
4153
8010
3329
9211
1067
9344
2143
6145
3459
3954
4087
5492
776
4723
2830
4809
4641
3160
2460
9414
7195
5981
29
1095
1807
4775
7516
5351
6610
7343
145
2429
5065
5227
4532
2932
9495
9231
8676
8269
4441
5750
4291
2764
2380
1339
5885
6385
6414
4508
2980
2698
5626
3364
6800
3283
5772
6067
1452
2212
2906
1870
8372
3084
7171
8614
9812
8929
26
4935
3800
9581
4442
4315
2305
7932
7129
6973
4575
1345
1020
9409
7485
3127
3622
4831
7285
2791
5195
8990
7283
8738
8446
4614
1922
208
1993
6989
6880
8857
6930
8876
1513
3799
3404
2610
8592
1056
9475
5671
9065
1379
6198
424
6289
7419
6645
5734
5387
3652
6652
9279
255
5549
9659
2447
4500
5801
1260
7235
8482
5418
2952
7875
5457
6227
4280
6543
8521
9059
2836
3575
6883
5357
4564
2149
9943
1948
1752
5616
2904
5980
3040
3288
9719
2602
4839
2202
6248
1109
8317
5947
921
1902
9476
1801
6711
4121
2841
4032
6681
3317
2700
2835
567
584
7274
1430
7649
9154
3852
5878
9919
8134
9752
5776
1504
490
6568
1213
62
7393
259
1336
184
3028
9674
2183
4281
6826
5405
1196
6381
7009
7182
2515
3581
3162
4768
3824
5847
4034
2481
2484
2927
912
5995
7914
2091
6357
4886
3486
5504
8670
17
8892
6706
2032
4662
871
8544
9898
9842
5972
3729
8574
4642
6702
3863
8067
843
7904
4975
9684
5516
3865
4536
8163
9293
3906
8677
7832
6182
8847
3900
2187
6655
4829
8347
8612
9168
3080
1787
3164
5490
2983
7093
7635
9718
3983
7304
4686
3340
9258
5407
9489
9651
8112
8033
5488
421
7665
1612
8250
6629
3204
3322
410
4059
3780
5560
6906
7339
8933
6442
6745
4974
6448
3524
1072
3938
7747
783
4219
355
5527
5111
8741
6162
4868
4867
5893
809
5524
7389
7902
4185
2705
5104
5621
1428
710
3957
4181
2988
8251
8093
6419
2728
784
9984
9366
2851
1084
2808
1790
9295
3980
1644
881
4997
1736
4065
6766
3423
9641
6421
9496
6435
6879
8449
852
8871
7038
6618
1642
8909
8977
1648
8761
27
9966
6739
2656
1962
9244
4576
297
130
4720
4077
3509
3761
4168
2918
5132
1536
4432
6452
4794
5169
7217
5676
5902
5602
2376
9896
4545
5321
505
1739
8717
8422
3387
1844
8106
1832
3929
2240
8459
6409
5016
4041
3753
1295
315
5135
465
1052
3285
5763
8850
9
367
8084
3375
3089
6313
2230
5392
7791
6966
4737
5808
5576
6984
4062
719
8361
739
1906
7705
2228
9288
900
9377
5421
1809
6388
4843
301
313
3693
393
2748
6283
1269
3909
8962
7090
6584
9313
375
1842
1576
2124
6416
3745
3546
227
6717
199
6490
9650
9493
9165
4982
3063
4341
4499
607
4940
1943
5919
1242
5958
3617
5137
2137
9543
1691
5365
5829
4601
3682
1104
716
451
3670
5362
6074
6326
9690
4729
2001
3500
6477
5319
3029
2762
5480
2312
7846
619
6663
6673
4910
6039
805
5068
4157
6160
7774
658
9797
6508
9729
691
527
506
4243
6059
488
8357
814
1435
7334
2490
4149
7226
3482
4178
2579
5122
1092
804
1822
266
3416
3731
7031
9228
4521
6346
6383
1362
4493
9934
7445
7790
8643
1784
9424
2336
9894
7105
2275
1240
639
8675
4802
4842
9257
4294
5427
4734
9379
656
6305
9567
5153
2708
8720
5287
8496
7177
929
8145
9087
1258
6556
9397
9471
1251
758
9878
4675
7181
4747
9124
299
4897
6803
9840
1475
2530
9991
602
2535
1633
7395
7825
2189
4609
6721
443
3295
3241
7640
244
3998
1459
7761
4292
6817
5363
8638
904
3605
4194
45
6178
3606
409
9337
7017
1250
3572
3456
2209
9259
4053
7892
3974
4685
8306
4139
2214
296
9421
5058
4916
7044
7071
286
8303
2485
3275
4444
2233
2950
7121
8206
963
7831
1027
9410
2389
2277
2647
8785
7442
1920
8941
6735
9824
9438
7179
3479
1200
5406
6562
2320
8288
2963
4890
5794
2427
1078
8958
9689
5044
8028
4484
6164
7631
3198
418
9554
3268
5615
8920
3016
8072
6423
8281
7063
8637
1188
5288
4196
215
8439
2309
4305
6380
141
1837
3535
4052
2342
6504
1702
8774
1933
2077
679
9688
205
5489
6114
3584
6237
5121
3359
7848
1460
5747
3465
8961
8043
5092
1091
3503
9022
698
933
6665
627
2245
6193
4771
6525
8468
1449
8549
4808
7800
1907
775
7952
7067
4044
435
5290
9907
6942
3304
9523
642
6550
6668
7014
3185
9455
4197
4961
2934
7997
4748
6358
3217
6600
1035
9866
725
8690
1350
1066
6192
1869
4399
7906
9736
6912
4647
6485
5689
335
8973
8801
2227
7975
6109
3025
9200
7374
2116
2627
2390
3243
1945
2026
7055
9016
9180
4114
3848
3886
4804
787
3310
6916
5062
3047
1404
9289
4133
3951
5422
4877
8815
260
9080
2056
5284
2048
9709
7242
3341
689
9194
5922
5019
5756
2396
4018
8915
444
7703
8318
4914
9327
997
196
6427
541
6163
495
5573
8286
9700
84
3562
790
9839
9994
517
7205
6015
4728
6885
6439
971
8541
6311
7198
984
8997
2781
2250
9945
2102
4419
9405
5784
2036
7097
507
6123
7675
5604
6185
4929
9995
3373
9028
9260
9467
6130
5674
5399
3754
4673
4712
2408
7192
8127
3443
7496
360
3595
2749
3521
7089
2356
9724
5932
4669
2316
2047
5057
7751
7783
8763
2812
8552
2945
4711
6624
8798
1587
3598
6347
9681
7845
1437
8489
7807
6996
3059
8192
3111
729
5335
128
368
5606
5629
2156
3428
8985
6708
7218
1330
672
6119
4706
1275
600
4631
5537
6822
4786
8795
4506
4403
6722
2731
3505
6527
1963
2362
9544
8219
4377
3748
5048
3342
7664
4852
6644
6548
8090
1830
5534
3999
5041
7850
5108
8321
7168
6287
7405
730
3512
4381
3337
6890
9425
3716
7494
9179
4273
4438
9071
3741
8187
3411
7310
2483
511
4367
6567
6456
3469
1581
1523
416
2096
8393
2921
4822
1317
4581
9006
9989
2433
7202
2254
1834
5025
3637
9742
8816
2792
3145
5658
503
8075
6321
8737
6870
7667
8491
8702
5828
7608
7467
7760
6588
9220
3393
751
3580
6082
8207
5852
8748
6243
5029
9353
497
3717
2411
5102
4394
7844
1070
8652
9702
2833
3775
3642
3506
5394
9680
7802
7194
9699
6211
9711
1017
3831
1495
8454
3730
5545
9552
8994
9441
3750
3533
6240
3694
5498
9696
7936
9853
8470
6707
4201
6239
2346
779
2491
7566
252
6333
5823
2866
9510
6963
5026
5528
1989
9352
7212
9693
4334
578
993
8528
1878
8809
1267
4359
7040
280
5060
7609
3552
9253
3101
7880
8215
1129
218
7737
7074
3352
6329
7827
3474
4504
9612
2037
4553
7472
706
5773
2526
1635
9574
8964
5147
1195
7440
1429
3787
1505
4993
1538
535
1406
2886
4522
5066
6881
3354
377
3952
7346
2519
8832
4167
5819
9509
7141
9743
611
6443
9126
6876
2525
2166
8259
4083
5513
6216
4160
4689
3823
9974
137
3095
4509
9569
8344
6925
6570
9851
5238
6284
545
9044
2120
7003
102
1301
6181
1999
226
4859
4550
3419
6449
118
9302
1741
352
2122
9758
5551
6806
8732
5205
8480
8995
4238
8109
475
2495
7828
6761
8062
6012
7241
317
8073
7605
8216
2138
4232
1030
1737
4391
8697
9886
1077
5183
6875
768
5159
6022
2200
3417
2737
2901
764
3067
9561
9815
3921
8901
5224
4418
8210
1473
5383
6295
1061
670
1463
8153
4922
1919
8889
4582
844
797
2470
8686
990
7948
8897
7140
8502
9745
8197
7579
213
8704
8471
6535
1496
9703
3502
2652
8225
2097
8370
4135
4457
8063
2311
9705
1900
2430
3862
7922
7599
1718
1401
7826
5851
3161
1222
2444
1403
1469
6029
1399
1440
1827
3866
962
6683
6990
6323
4445
9837
9575
7042
6725
6378
6149
7911
9556
2234
2930
5
5792
8000
7527
7483
7764
1427
9716
1454
8771
7118
2258
2134
5415
759
120
5343
8569
5356
7780
7184
2317
8530
5961
8381
2765
1073
7712
5416
6170
6093
5796
6451
3976
5076
1703
8024
9307
2329
7175
2513
8727
4654
303
6613
6436
2294
5133
2215
5408
4814
9188
5838
8443
9568
8969
5647
9559
9404
8231
6688
6017
9604
4459
13
2073
6514
2514
3893
5723
7196
2552
4251
8271
2384
6819
8510
6768
4798
6818
5005
5305
3142
8928
2944
5953
2713
3309
8623
2829
1256
4872
5883
431
3698
9781
3981
2860
4098
3895
7797
9230
5725
7136
4765
1603
9454
6788
5161
606
1782
5718
1461
1847
1310
3365
3311
4606
3633
6565
4482
3210
115
4278
2583
3114
9526
8619
3820
9215
9675
7806
1788
2612
6344
8239
1868
8542
4241
2752
3384
7966
3023
2982
3234
7900
9252
1720
4249
9092
5186
6301
1147
5282
2263
8633
9345
7930
6189
6432
2674
6995
738
9930
8590
831
3044
2163
8131
156
2658
8611
2546
9174
4187
1597
9128
1096
402
4326
4
6986
9712
2412
9133
7940
496
9263
3769
2588
7509
5300
7929
1173
6446
4063
4759
3353
8856
3351
7365
5884
2128
1835
5967
7051
4632
890
4959
6206
4699
9042
1804
5963
2997
867
1774
8039
4530
3036
9908
7279
3069
1036
3395
7865
8234
6559
1283
6582
4749
5590
1563
3875
2822
760
9804
3849
5204
8945
2655
8295
2180
5167
3017
1616
2450
8615
5766
4468
1681
913
2660
4670
5948
67
3299
7752
9311
9169
9593
2797
2112
8049
4346
3267
3996
2237
794
1293
7287
5262
9520
6869
5661
9333
3539
7673
9189
8576
3871
4364
4230
7777
8922
8047
4676
7720
2367
3564
3959
5188
9927
6422
1335
6974
7541
1728
5959
8658
7078
897
2348
363
4078
9479
9195
2796
8586
1664
4791
6574
8396
211
9666
6909
6670
9304
6418
5650
1708
4112
6531
7423
9315
2463
559
2596
9792
5630
1468
5738
9550
5904
4596
7477
9151
6247
7809
9261
8479
4333
2148
9132
9502
2042
5046
1162
4937
9766
9222
2936
6783
8765
3232
7149
1592
8912
7421
9102
1110
3991
2832
1753
1304
8101
3116
1263
8355
8432
4812
7045
3108
3000
9483
1608
2907
7872
6820
6988
9895
7561
9645
8499
7690
9104
8334
2035
3821
1992
9020
5107
7324
516
817
632
9920
967
901
8830
9585
3933
5721
8708
4645
5786
7333
2554
1588
7685
7717
747
2093
9644
3166
4151
8646
5281
791
9026
4760
8645
4068
6705
970
7029
8689
8294
207
31
41
2071
2060
9296
1299
4286
4337
2359
2969
1442
4048
7644
8767
6480
5283
9394
9916
8401
1750
801
1217
3600
4239
5546
3027
7292
3812
5201
6522
877
2326
8128
2684
8594
530
7858
5296
3480
9849
7473
1501
6143
1833
5970
6796
5654
8706
5446
662
9789
2958
746
8263
7135
4155
2308
9922
5620
3094
1434
815
5031
7059
8519
3463
2185
5350
5758
6762
2487
9138
437
7413
1254
4255
7130
9457
8373
2334
1666
3123
1415
2641
3478
3928
9158
5542
4953
407
4298
4414
7961
8786
7082
1124
5118
1639
8792
8267
7229
5073
5735
9121
841
8331
9717
6953
2
3409
3410
903
5804
3937
9487
8133
5267
9777
9870
326
5965
885
9309
2679
8185
2960
7482
1228
9354
8661
9589
4636
8810
9765
2626
192
2677
6434
2613
1748
5538
4131
5146
2086
7843
8065
9732
5376
5818
3450
8019
7816
7565
8972
2523
906
7823
622
3891
8029
9275
9323
1518
3987
3033
1840
6564
6007
6106
6789
314
4780
7898
1397
5675
5639
7083
4615
4899
3168
2683
348
7600
9971
16
4343
5684
2729
7949
5389
2029
397
8097
9273
9629
7387
5047
9386
6024
6784
9067
8301
4718
3783
7719
5908
6115
1134
5466
6121
7738
4726
8788
6949
6391
1770
4474
2057
7926
3611
2365
7150
2834
3457
915
209
5074
4103
7207
6218
4247
8534
8158
7160
633
923
5434
2955
8537
8659
6931
2867
860
4054
1779
4047
5171
5985
1193
1004
6786
8835
6540
7084
8823
8978
4310
563
950
9369
4335
3930
6471
2441
288
3269
3277
5067
3490
3327
9640
5891
158
298
5659
5324
5429
2420
2354
9914
3833
7460
7817
4858
28
6615
7138
5610
6642
9490
5486
8775
8869
4533
3053
1677
9672
8751
8508
2649
4586
8745
5541
3634
9332
1059
7099
2981
3641
85
3065
4649
6299
1169
5250
973
4261
7265
4810
9299
9428
7206
7938
4847
3904
6201
5087
4120
6420
2648
8452
9778
3816
6081
5745
2961
5976
3663
6107
8650
8046
8035
1665
650
434
3007
1340
995
2681
7291
76
1949
5936
8379
8777
5340
1575
7211
736
7874
9926
4597
1386
4384
5840
8212
7742
8069
8979
9439
8587
4416
7122
8838
3992
4741
491
3719
7237
5002
3803
1224
1894
8053
3325
1472
9503
9883
9704
6054
8882
4766
3932
4325
9012
8181
6393
6959
4248
2718
2264
845
8155
2357
5584
4681
5596
707
1380
2875
1976
9069
726
7590
7272
5693
8631
9408
1441
1090
1761
4838
4732
478
1552
5014
8283
9555
2261
9822
952
466
8394
587
2793
4888
3621
1955
193
5762
6002
3842
8723
5700
687
3960
9280
6364
5342
2878
5233
7015
2421
7425
6690
6981
8442
4244
8193
3791
2973
9181
6174
3843
3024
3098
2820
1126
4753
9219
874
6541
6369
8989
2970
1161
7999
6728
7957
502
8684
9774
568
2816
4039
440
5225
9075
1281
9145
5033
2360
8538
9767
8161
4316
3879
3085
1
7792
4503
333
8156
3678
5593
9937
1471
4637
7895
5483
7151
6998
8836
4696
2712
6365
3570
68
8886
2011
9041
5935
8387
6052
2939
3045
7988
7976
648
4017
8921
6234
9809
1455
6620
1425
609
2431
9827
4962
7560
6457
5917
2319
7982
9391
3665
9443
674
3718
6654
4895
4319
4385
4376
9389
4030
3321
83
2948
1023
6165
6169
2839
5369
3850
8759
1086
7409
4973
3697
2303
4663
891
8119
2687
2456
8172
3360
8698
4709
5753
2135
5022
8755
6479
2985
1723
549
7033
8617
9422
8008
2566
694
1921
9387
2548
206
9730
4118
5570
3855
2038
1525
1144
2589
354
7295
1709
8349
481
5916
7004
4560
7008
7147
9859
8657
9708
5521
6215
5906
3599
3832
1662
1624
3262
8407
3925
1151
757
3494
6459
8089
4136
3058
7870
5420
9484
175
9691
1322
9887
3705
7228
1207
3966
9978
5977
7096
9218
4430
7587
2741
5797
70
616
865
2957
2874
7441
9678
6209
1131
3115
1734
9871
8747
9301
5583
3914
6352
9432
3687
5877
3504
976
6526
6398
5706
7252
7458
9018
5417
274
5871
5440
6138
5864
6040
2224
9131
8380
100
2724
6671
3270
2584
7392
2617
2638
1689
7659
9985
5229
5739
3734
3537
4958
5574
9335
7818
200
5297
7594
9098
6097
4332
7427
5337
1107
7312
1166
810
5447
7733
9982
645
6664
2929
5177
1675
9648
3774
3392
7268
4304
2238
8260
5526
6845
6780
2643
4912
5511
894
9710
8908
9226
7910
4981
8790
9276
6631
3460
5731
8862
1021
1713
959
980
7784
7887
7557
3531
3513
1216
590
2561
7397
7456
3873
6396
1891
5278
5672
9235
1071
3557
4321
9108
1248
994
5265
9721
1132
7556
8647
7313
8492
8501
4390
5748
6272
9993
4845
6799
2780
6277
1540
2941
905
5272
8554
5032
3892
5311
6473
561
442
2837
7588
1638
5398
441
6653
2111
4660
7431
5914
6873
8841
8484
957
8906
3841
3594
3889
1143
7785
1772
2325
859
5144
2005
2716
2571
5562
2022
569
4605
1876
5168
4552
571
8309
2715
1740
8639
3363
3813
908
6210
5347
761
6661
3964
6760
4970
4902
2295
2852
6792
9749
3435
6510
5724
6693
6297
9013
2092
3620
5276
6889
7637
3735
5390
1650
4985
7677
712
5094
3273
9817
7611
6041
6832
8936
2542
526
8266
3055
7869
8262
3807
3765
1867
528
4049
5811
9957
6225
1903
3514
9891
1356
6014
7682
7668
9516
3385
6524
8157
9897
8713
2738
3330
8261
4824
9021
9697
5635
411
7383
3802
5586
2270
9331
1773
7543
251
2378
1977
7840
4476
9694
1871
9779
1031
4128
3467
6741
585
2773
6500
5082
1968
9572
615
7408
2539
79
3766
1227
6412
6692
482
6030
5857
1578
9685
339
8855
7994
2290
4887
1074
8424
824
6064
889
3488
3345
936
2509
2231
2785
799
472
3200
5510
7633
9085
2315
8976
5938
8247
7891
295
2486
1861
4931
8867
9819
2235
857
562
3292
6127
4801
6499
6991
4980
6353
3784
4402
7539
1121
6486
454
3691
6834
1507
1419
6776
5125
1803
267
4138
3772
6853
7297
6851
1567
9025
5438
1039
86
9838
1516
9423
4477
9519
916
2418
9465
754
2030
4956
9089
8898
646
9000
4701
9834
2559
552
24
1508
57
7694
8378
538
2115
9605
3778
6387
4398
1358
7449
2642
1918
9251
8178
5298
8376
2351
6687
2813
5000
2130
5991
9571
6026
126
1276
2977
988
2158
1580
5040
302
2703
3004
1627
4666
6335
4507
9614
5164
9139
8890
9512
3194
2024
2763
4520
2794
1981
7508
4480
6736
9810
9396
25
2993
4697
3092
9669
972
381
6061
822
2504
4021
5846
7651
9043
4730
9728
2768
9924
3408
2576
7811
7623
5912
3195
7554
2066
9160
9468
8893
5219
9238
4891
2174
693
9823
3256
8104
6863
2251
3982
433
5793
5081
3242
9746
3009
7574
9664
4693
7989
4920
3271
1416
7607
9976
1860
160
7927
2198
540
9654
6176
2870
9306
9447
7007
6417
3526
7157
1060
1392
3281
8904
2015
5951
2121
7645
5160
3199
5210
438
3187
4388
8872
8938
6062
2333
6893
9117
5595
291
7092
7176
9962
2502
7469
499
2607
9998
4150
2031
7547
449
2285
4058
1780
462
8398
7728
63
7303
3885
2727
7326
8942
940
9630
8782
8111
3012
8149
9770
1055
4421
6577
3726
7750
564
3747
7225
5097
3931
1450
5437
6267
9513
637
6967
1265
7530
1617
1693
8687
3989
1243
6619
4110
4288
2324
2639
5536
6764
359
1300
6204
6960
7581
471
9613
887
5897
6279
7909
7942
9634
5451
5400
1223
1820
1545
7903
7500
1453
7544
673
3639
3440
5289
7613
7768
2540
9931
3970
3367
7300
1029
2045
5795
6814
4999
5370
8367
1214
6640
5812
8817
7375
5294
5930
7943
3319
956
5978
420
6811
1550
7256
1756
6128
4311
8224
9904
4082
9977
6887
8506
2586
4473
8114
5692
7908
8285
6538
6617
9525
594
2220
1218
3792
9156
3701
5431
4727
7977
9653
4607
3334
8881
3181
3197
1210
1445
7230
8880
4176
1659
6229
8363
5180
2644
4574
6712
106
9959
1762
9463
9751
7367
425
1643
1620
669
2076
2318
618
1285
5380
515
3927
1133
826
2498
58
6413
7124
3425
3346
4465
4486
977
2343
5520
186
7934
711
2711
4198
5695
9791
3844
7257
5462
9715
8151
823
1574
7154
4570
3655
2825
8716
3679
8160
4383
5036
7103
5393
5632
5413
4003
8803
8714
9683
390
4101
3880
1586
1065
3088
5754
8860
8050
7563
591
8045
1015
6856
5623
3042
2313
2695
825
5751
2016
8338
5873
4342
6152
3660
7531
155
2894
9473
7819
4205
8404
2740
5585
6503
6585
9811
3498
4789
8165
7860
1729
3230
2395
1590
9207
1148
8905
6395
1557
91
9095
8728
4159
2972
6606
7718
5017
863
2267
5880
8070
6195
4089
5614
5072
2119
818
3226
6676
7525
5805
3631
9159
6719
4870
1524
9744
4050
7813
3944
92
9239
8966
6184
1724
7153
98
2887
2964
9105
3203
7137
765
8385
9965
4182
5302
847
8034
9051
9799
6113
8289
1125
1742
3302
2824
5379
3091
1486
3815
5870
4927
4355
270
2095
121
5993
8305
3569
7626
7871
3284
1080
9692
8776
8420
4716
8352
8651
7928
3667
8946
220
1792
5142
9240
2733
7315
6137
1791
1573
9566
1483
2844
6743
1826
2173
3239
5455
2366
42
110
2616
8678
8078
8410
1932
2564
3366
2141
6312
7114
2528
7398
6144
7394
5992
4368
470
5572
6980
1957
3133
5952
1935
861
4016
8513
1291
3901
3068
4865
8337
1170
5196
3371
6262
5106
6327
1502
9412
4721
735
5694
3109
356
8336
2055
9052
9074
2404
583
5448
7669
1464
6523
5836
2040
623
1137
2455
830
2631
3347
8458
8725
9204
6552
197
4705
5052
3666
332
3293
3527
3305
2229
1257
6060
2722
2129
8125
4788
2916
899
6537
8087
4115
9009
2085
429
7511
547
4051
9658
2213
6171
282
7385
3547
3743
6643
7656
163
1127
1817
4466
3356
6715
1105
4777
1389
6697
5839
2890
2962
748
7548
6680
2265
9420
6236
9178
4915
8910
6303
9508
9968
9002
2771
3077
6334
4104
1623
7700
7821
3320
7406
5187
4204
9217
7289
3924
8829
4911
2646
1672
1111
7197
5670
4674
5051
3484
2849
6032
9762
7564
2145
1158
5903
1882
436
5894
1733
3062
4170
174
9805
3099
7782
6816
4856
8781
3558
3173
9536
4617
4577
6433
7407
9427
4954
9040
4365
7941
9035
194
7830
1785
979
8548
3680
9300
2755
432
1979
3789
4952
9514
7859
9557
6079
2923
3019
5295
5690
7234
1068
2827
6372
49
3400
229
6669
675
7767
713
3659
6982
4512
1485
4271
2424
2435
7969
8660
2507
7822
3021
4684
3150
1235
9498
6482
1768
236
8591
6738
5665
4936
8126
1494
9464
7350
5821
97
2445
5798
4415
1041
198
4392
7095
705
1231
8826
8383
592
3296
2570
6228
8971
2811
1417
9588
737
7946
1915
9190
3903
4012
3032
9477
724
7804
6569
2368
3287
5587
1998
5937
8400
7317
2947
7980
3452
4100
3129
9237
6807
8789
6073
2175
9113
5744
8535
8796
4488
6771
419
1970
7568
5263
9785
2747
1715
4754
7047
80
4147
1924
4783
9175
5966
7578
750
428
8022
5928
4739
6463
9254
677
2321
9334
392
9460
5989
1287
7354
5491
2529
8037
1338
8186
3081
4208
1815
9413
9723
6542
8074
6428
6857
4455
5788
3294
9879
7148
666
5371
105
8060
1185
4042
257
8374
153
3369
6254
7788
8840
6298
9143
3483
968
2632
5189
9032
5098
924
8132
1522
6342
5669
6838
1909
1313
3087
6774
6259
2900
5505
4234
5565
9562
8699
318
8621
6441
8707
6244
3485
2399
7696
9206
4620
8453
536
4757
1160
800
4320
604
4350
3144
7329
9803
9633
7143
745
347
9935
2465
5277
3536
884
9558
2601
8750
2426
2902
4866
854
9996
9343
4633
9642
821
4183
3211
9015
4534
8883
593
7740
2809
2051
3786
6
8887
2842
6747
7528
3307
1645
3002
508
5911
2216
9185
1912
6513
1594
7208
1764
4626
2994
1797
9342
1598
6507
1629
557
8169
6839
3286
1529
401
6179
4375
2653
6546
1101
362
8797
7985
9950
2195
3382
4830
3826
740
5552
902
3764
1751
1405
7259
8209
5655
5732
6992
5373
7213
5123
6970
1382
8195
8054
3961
8113
4111
5634
71
4795
6141
8030
6515
4428
5397
3221
2978
6031
4373
9321
2328
3251
2974
7336
8735
1284
798
8099
3313
555
5050
9553
5086
4074
3487
2446
8868
6926
4976
1705
8056
4283
5898
2555
3588
4921
7437
4038
5890
1412
7787
8388
4523
5100
878
2928
165
5293
1987
8981
664
7526
1167
7945
1646
1544
987
599
2856
5185
2614
5479
8927
570
3640
1547
6497
385
5034
1238
8626
7836
2774
8427
8096
2439
2259
7463
2814
9748
448
3651
9317
2382
2471
2895
4206
5143
806
1706
2406
1203
546
7606
2746
9795
8556
8124
4884
661
5531
5375
9657
3179
1318
6053
2416
3656
5312
5727
5028
5888
4908
6043
4698
6587
3151
4407
5943
982
9596
4223
300
7535
8122
7240
1530
8975
9183
4297
5608
8252
6199
1568
1043
9247
5428
8575
6194
2882
7112
2707
4257
7470
8606
6888
8770
1896
3971
1711
7155
1019
6773
8813
9245
4690
6848
4361
6256
4568
6075
7180
1487
1364
5443
6108
4213
4811
5569
3378
3948
1014
3882
5752
6933
2838
5154
858
9395
6172
2883
3083
2477
5678
4102
1850
127
8509
9114
5110
6148
9339
3677
9603
8520
5149
4946
3979
9029
484
452
9988
7829
5824
2562
7201
6621
4215
3825
7366
5070
3037
5184
1009
7200
8833
5472
7001
9527
2413
4793
514
3579
6001
3649
18
2629
6319
3079
6939
3767
8268
5802
4655
6000
4327
4782
125
531
7253
1451
2998
5918
9981
4592
4752
304
1005
5056
8899
690
1082
2917
9077
4913
3566
23
1879
2919
9448
625
8601
6489
2385
5996
7369
2922
9714
4683
6641
1641
9932
2432
6384
5368
131
64
4027
7795
3597
2381
8417
649
4963
8852
8429
1268
8198
3396
8963
2754
5994
6754
652
9163
3632
8679
3728
3361
958
9450
8282
3444
7691
9118
6607
9152
6744
4710
8960
2714
4529
1305
8529
975
9579
9941
1655
1859
8102
241
1716
7937
2101
2344
9061
1846
3516
2205
6430
6003
523
7223
3808
2171
2041
6072
322
2176
5175
3237
7964
5896
5063
9686
134
589
8760
4832
2083
458
7658
2735
6250
1543
5577
9854
6891
5254
5445
6555
4844
6275
4266
9925
6092
7358
1647
2255
7616
9610
7615
1370
3796
6829
6090
3725
6637
7695
3412
7320
1255
7418
7016
6325
2310
8014
8618
4950
4492
4769
1663
2702
9305
8595
9987
6246
5954
7842
4755
328
6877
6520
5854
3508
9784
9972
9106
1025
6505
1692
7524
8116
621
8227
1735
4638
9584
8473
533
7924
1115
2582
624
7765
7918
6011
8183
4129
919
99
7576
6302
3744
2178
4227
7276
2697
8444
9167
9449
8221
9400
9291
853
6132
3158
5837
1678
8875
1821
8740
6859
3052
6461
6156
1569
3574
404
5955
1958
6495
2628
7251
9213
1097
8326
8811
5178
7079
3714
4163
1511
480
3654
4635
4555
1881
365
1016
6483
415
5609
8766
9631
6999
3898
6153
4994
4680
1187
875
154
2637
3874
3736
8284
8230
3751
9698
7873
6087
6320
2905
2081
8270
2798
5439
311
3864
5539
4169
9193
4328
147
1423
796
8894
9747
2462
7778
4001
2090
5179
161
4347
8842
4906
7636
423
179
5642
1731
2151
3674
2531
3582
1309
4855
741
9364
5940
3915
3740
4338
342
5173
614
9843
1875
9661
8409
7185
7412
1032
7956
4667
5134
6907
8937
2181
9357
3501
5345
3522
4408
3209
5015
1354
1582
8873
2451
6627
4382
7962
9272
4366
4612
1640
1081
9338
9892
2415
1000
1414
5344
6867
1099
5138
4259
2053
6330
3884
2976
4122
8371
1898
1828
3625
2341
7345
8952
240
2654
2425
4678
6684
1619
8130
5926
6882
1506
256
6689
3386
1710
1604
9197
3427
4400
500
4061
8494
1805
1477
2807
7959
7753
9788
5556
3414
5317
8825
1668
5500
6699
414
3834
7013
7430
3183
2496
9171
8120
7834
4799
1971
7620
2549
9902
386
6805
9221
4456
8419
8588
3861
476
2070
9670
5781
3312
2606
1026
2803
565
5244
169
2891
2164
7661
7026
5741
4293
1199
1759
8654
1277
2510
3690
5998
1278
5568
8864
7466
2673
3167
3215
6842
2706
1383
2144
9350
9951
277
7798
5452
306
8027
965
3708
7974
6213
8589
3213
7433
9912
6404
8516
6462
7352
9411
6425
87
3332
9056
1489
7307
6954
8635
9127
8523
1572
4977
7080
4561
2373
8616
1226
914
3922
1687
284
7781
1457
2951
8495
6454
3130
3839
8200
543
4972
2968
8441
9643
2709
5465
2547
5594
918
1010
8052
9506
3445
8390
7102
1533
2847
7886
2125
2675
1294
8323
7457
544
4002
2872
3548
6904
8959
911
5145
4853
6126
1220
5471
9845
6450
5547
2331
3837
9942
3357
833
7266
5895
9137
4861
7992
1098
4825
2386
3612
4217
7382
4231
2506
5165
7050
1369
6945
2170
6932
8328
7262
9722
9378
7808
6937
6415
5722
7260
9388
6085
9901
5686
7355
8423
5934
3779
353
3105
1042
4362
756
6518
7660
5331
927
4776
7533
991
6955
2760
447
8168
3713
7580
9511
3684
1667
2645
8080
5349
8115
5088
9361
6065
9135
3344
3540
4703
3050
6581
8253
992
4571
3470
8730
4562
629
1607
473
529
89
7035
660
4228
5259
5382
8822
5010
3756
7012
5501
1913
2278
8859
6921
8923
1308
5613
9909
9470
2467
1497
7920
8968
3471
6987
364
9846
6561
5641
702
4805
2353
4216
5653
6797
9415
8307
5055
8272
5909
8448
7170
3738
9531
7674
2033
1424
7348
2242
6343
6008
9057
9801
6187
9314
7755
3152
5435
6910
1656
2508
8002
7058
6168
7779
1479
9348
5140
1562
309
8
6088
598
1229
9481
2410
5544
1190
1371
5787
5508
862
3315
9374
9677
2256
6308
5631
4092
6772
1599
2246
8395
3202
8472
4162
8583
644
7998
6223
1610
8490
4543
133
4862
5644
2103
3585
6836
7323
2436
3846
7255
351
7979
5444
8345
9091
9899
4409
157
5939
21
1282
5677
6763
8711
1535
6392
9433
4287
509
5881
9535
9983
2946
4816
1560
279
8481
782
5990
3236
1262
7662
1122
4850
6994
5512
4300
8749
3481
474
7896
1352
1946
2831
9166
4462
8412
5090
1112
4179
5983
643
8874
142
6348
8478
8055
4317
1474
6534
6578
9406
1366
1252
334
3192
886
4470
1456
4057
7762
2717
6778
7960
4945
6793
1916
9030
2873
7868
60
8843
6382
4990
8465
6558
5582
2723
4192
2286
6862
2018
336
3664
7939
8593
6069
6557
9054
3380
3212
3591
3174
5481
6110
4437
3624
8953
2279
7534
9638
1755
5172
3022
6599
5242
5767
534
9806
8722
4744
6271
361
6758
6831
4622
3324
9624
5662
5207
5697
9833
1621
9371
1034
7302
2778
6493
869
9911
1184
93
1206
8236
7746
6356
5091
8356
1995
7641
4209
2553
762
1984
4618
653
4939
455
9485
6094
5523
3165
8919
1498
400
8144
8314
839
5973
5264
1952
4199
930
1355
8634
5849
8662
1051
2931
1885
7805
5001
9363
9787
6609
5049
8724
292
2846
1546
7748
2392
9782
2244
795
8517
7233
5581
9504
9225
9262
1579
8804
1314
6241
9322
3942
4661
6269
492
3936
1661
321
9537
788
9617
1481
2161
6709
6962
3507
1062
9905
4478
3636
742
1923
2784
9763
8498
2574
2538
1049
8176
4613
1566
3018
572
9472
5715
7841
8325
5705
6983
5313
9248
168
2828
5332
7925
3159
9655
2819
9772
181
8274
498
8475
7917
3333
3699
9008
9170
7475
9828
8375
789
6078
3368
2532
6975
8939
2845
2865
5755
4967
2136
2488
6837
1698
1600
3759
9326
9576
9701
5558
9243
8237
6703
2668
9826
8329
6686
4566
603
1236
6961
4446
2375
6276
3853
8302
7991
7657
4762
7360
5035
9173
9436
7166
2084
6102
9107
5619
3331
2704
6913
6351
8277
3245
7258
9548
7399
5915
3525
6035
7115
4461
9122
1726
5861
5889
3121
7039
3878
9929
2533
3683
4071
6854
394
3817
832
5554
553
10000
4594
8340
8162
6964
8514
6852
5012
3407
4883
273
7854
4137
1186
8159
1526
3712
5078
3519
269
8013
7995
4379
1936
5436
7146
1183
8610
4541
8891
6426
9885
7091
2766
7704
999
9123
3117
715
9551
7732
5982
6720
2527
925
4646
104
4060
8353
1721
6801
4818
5456
524
483
5559
5367
4360
4743
4837
2926
3810
1712
1510
3733
5900
406
6375
7353
9668
6411
4260
4643
7796
9707
3060
6140
581
176
9078
4827
1373
696
6639
5845
681
8584
6648
6161
6220
9136
4141
8917
8365
9940
138
8238
6175
7582
9832
1884
2975
4926
9382
3240
580
8531
2619
4947
8389
50
5220
456
4714
1202
6865
1326
5261
1007
883
2954
5230
2692
1346
7169
1069
5432
72
8003
1652
2782
8567
518
2193
6765
2524
2409
6224
4024
7126
170
6294
8784
7465
2157
1783
2666
7894
1018
9418
2990
7552
3433
4088
338
777
6823
8110
3496
9625
3840
2017
3958
6099
6815
1528
7214
3118
7549
9586
8902
4905
3565
7569
3493
5011
6678
9632
1877
8430
2569
5157
3510
5638
7699
1312
892
4909
4819
117
9325
8629
8692
1130
1990
405
1363
8079
413
3086
4800
4389
708
5618
7741
7710
4919
7378
8685
6731
4037
2172
9628
704
7503
1738
108
4928
9351
8188
7053
4086
308
5190
6846
5974
1697
2719
4722
605
6659
9573
9320
9172
9582
1910
3172
8913
4835
6048
6623
699
9116
7915
8488
2478
5588
6825
3544
5580
3762
341
8993
4491
7379
3995
9546
8402
88
5862
1145
3406
2377
2590
9731
2448
7955
4665
329
6596
3592
2789
7086
4117
3247
3563
66
7043
9330
8463
5660
3001
1577
81
4704
2289
9380
1964
6133
250
2288
403
8783
195
8213
6634
272
3668
44
5519
6969
3122
7318
3518
953
4158
1279
9011
2795
4688
641
8557
4524
7655
1467
8665
8009
4188
9038
6920
7654
8414
8731
5304
7049
6979
1991
7670
2323
9047
6695
8632
7963
7624
6698
14
3039
3155
9825
4968
7298
7100
5061
4971
2281
932
247
9737
9660
237
8600
2736
8885
3448
1685
9780
626
3675
4664
6539
9753
9278
7384
8950
8085
7396
5543
522
8703
1996
813
5024
2497
9841
566
3604
3913
4487
6571
4330
151
2682
7006
1426
4302
1888
3795
6886
6366
3723
8778
9873
7370
9606
4588
6927
8293
4237
9667
7754
838
7368
6399
3388
4764
5249
9212
3945
5053
9954
8226
6009
6861
8512
3899
7598
2734
8999
8438
7678
1866
7139
4132
5844
7558
2967
9084
7919
9997
1360
7540
6650
2078
3323
2657
8533
8812
5540
7301
5742
1444
6049
9865
2520
8624
723
6044
8460
1484
7127
6929
232
4784
6605
6122
6047
5008
9037
4055
2984
7612
5680
2248
2217
9986
6336
2188
6370
1215
7068
3722
378
96
640
4023
7107
2826
159
6923
4505
1037
3706
6050
2458
4848
4105
4186
8273
7347
3090
2986
2720
7371
7510
4172
8006
5611
6694
4873
8918
8694
9776
2600
6775
486
2087
4600
1384
9376
9144
9050
7222
2581
5575
7684
9948
5899
9720
7391
2995
9881
7863
8772
1411
9910
1883
5712
8846
7899
3686
7108
7739
4871
8292
8599
9328
9533
1230
8627
4742
2482
262
1274
6509
870
5449
214
2131
9906
9816
5835
8525
9773
1064
7361
4143
5913
5330
2002
9053
6737
8926
8821
7216
828
5130
4452
2676
4497
9545
4549
6350
9679
2438
3838
6516
1686
3650
6361
9452
1793
6787
22
7046
6952
1905
636
5757
744
4857
1595
9146
5042
6112
1141
6005
4043
1409
7713
2352
5006
3255
6315
6316
4253
1966
3075
4265
166
6864
4772
1997
7296
1448
2169
8057
9565
5328
1856
1975
1899
6070
7522
3034
7672
4537
5493
5469
9010
8700
981
8866
8532
6077
6306
9319
7373
5771
9429
7032
6188
2223
6491
1234
635
8179
8249
6908
6519
3252
9271
8335
4340
8564
8015
8497
4863
3176
5128
1388
8004
6985
717
6950
8608
1760
2296
8201
37
285
2345
7502
1465
2821
2020
5726
1245
221
7688
5245
1657
7280
5461
4758
1954
8562
2028
3859
7757
6257
3776
3963
1149
1889
2710
1171
3078
8064
5266
8123
8932
3031
792
5656
1532
5354
7119
2474
3988
907
2911
5827
2155
4109
1174
8044
1433
422
7481
766
3542
4785
9303
8814
5141
4502
880
1288
6660
7725
8640
8663
6563
1156
9023
6868
9155
5231
3827
3715
59
8240
6723
6080
3681
5463
6444
665
5720
148
5206
4270
5682
7220
5101
3249
4184
882
5605
6530
7702
3131
7282
4557
6957
7011
504
6592
3709
7357
8416
9456
5525
6371
4840
4236
9119
3593
6120
5391
6340
2374
2595
253
8705
74
3128
3318
5933
8820
4479
7770
6675
8248
1901
5193
1063
3856
5879
9915
2027
2203
9578
487
7455
7689
3696
767
7402
5027
6622
2635
2479
8310
4495
8456
9790
1795
4792
688
1176
460
6821
4834
2108
1476
1372
3464
8793
4918
9201
2575
9227
9372
330
3782
5013
5353
8573
9097
3911
3220
5279
3300
7403
7501
3916
692
9599
7172
7627
7835
922
4691
1172
2879
408
457
3228
1159
6833
2659
8265
7799
876
3326
6844
5907
3851
3867
763
8437
8435
4984
6405
4751
1272
9090
3193
5115
5314
5181
1810
7165
1864
3934
6406
6397
6855
3061
1634
2965
2618
7087
3051
3374
9872
95
4724
4763
323
6290
836
931
6151
4917
3870
5592
8515
4203
2823
4221
370
5550
1937
9488
8167
2609
5778
4125
9482
3607
172
7716
2349
8865
1682
5737
5826
5806
8333
2067
5301
4898
4558
631
6746
2753
7462
2260
780
7227
2757
2599
521
5426
7239
5876
7744
4602
663
5817
1622
8117
3216
3421
254
9375
7810
6373
1701
9961
4450
5239
893
2306
7521
3303
6843
1796
2219
6173
3829
9223
9277
2089
8189
3253
8474
4439
6521
1669
1699
3689
1745
3466
6667
8343
5131
4715
4180
5113
144
9274
1142
8086
3648
8762
3274
7344
4195
6496
9949
4348
3290
191
1959
4644
8986
2154
2889
9416
7591
9093
5114
7907
75
1395
2592
5223
2933
8041
920
2786
718
9786
1377
4164
372
1618
7489
3462
4250
3153
9499
5929
6116
8839
2913
2469
8773
383
2437
9953
2013
6317
2801
307
4573
8007
3225
6748
5617
9426
5863
1947
9445
212
6084
7178
7885
2909
5777
5310
111
6812
6492
5419
2745
6266
4608
8220
3835
1798
682
9440
6481
778
5910
4892
3224
3008
3126
7081
1939
9208
9284
671
5515
7789
8366
9164
1286
6470
1674
9214
219
3872
1704
4454
4896
1323
479
6068
4671
4211
5291
7424
3676
1763
395
5453
8791
6337
8609
3806
3749
5892
4989
9682
116
9236
4542
6604
6532
3897
5713
9031
188
276
2283
9250
6657
7671
7448
5043
4036
7545
785
7443
5779
1520
4658
289
5237
4272
293
4336
1341
8346
52
2942
9768
7110
3370
8485
3629
9003
9727
1509
9474
7972
1296
5474
4472
4218
7134
4510
3441
2501
8211
3969
3276
2423
1696
3614
4191
3602
8683
1591
4235
9796
9492
5270
8413
7294
6724
6635
6586
1694
7422
9292
1938
6630
2222
909
7550
1781
2672
3887
6038
7024
5535
7490
6808
8023
203
4080
2634
4650
7248
9813
3100
6310
6230
4420
3720
5258
6021
1914
8806
1028
7390
3742
238
8017
7277
3534
2937
396
4349
1175
1886
3235
2505
7010
8956
6278
8742
6595
5423
2034
520
7308
4264
1013
3790
4262
7947
743
4075
8845
6636
8863
8477
453
9007
1769
7968
2680
9740
112
2407
4679
9110
7401
3499
3250
1209
7293
9014
51
204
6947
6150
3308
9270
856
7342
1393
6810
2322
8693
6696
6553
8944
4567
327
8580
7036
7221
2840
9764
7377
3453
1157
6363
4046
8598
575
3233
9198
1944
6958
5673
5522
4969
7820
895
2881
2304
8182
9385
6902
4448
1972
5499
3338
1819
3703
1347
5563
2150
8451
9918
2100
5711
6282
1789
8819
3492
2545
9310
7642
8518
337
6208
9349
3760
7341
9808
6903
1852
3919
9149
6042
3104
1843
6146
5649
917
7647
4423
9063
3010
7281
3953
4634
3587
3618
8504
8139
3700
8566
5280
769
9860
9466
6190
224
6006
4481
9001
2400
2577
3814
8242
5336
55
1375
573
8170
1839
5716
1680
9864
5663
2597
9760
7159
8914
8146
6918
1653
9324
8673
7048
5950
4773
9538
2726
1264
5374
5555
283
678
8360
8094
6362
9017
1838
6270
7597
1103
7572
1311
7041
6028
4628
493
388
4901
9814
2591
225
4440
9109
5944
426
1794
7000
7724
8457
1351
1548
9034
459
2218
6440
6579
4393
6058
8312
9442
9407
9182
2025
4040
2585
2903
7729
3054
7380
4229
539
2211
1333
5286
2162
5749
749
6157
6608
7709
6400
7996
8257
4357
7639
1512
9088
8316
6674
6502
9869
8148
5329
2608
3628
3339
2358
4090
8214
3403
9802
5729
9033
9590
4881
4025
7316
4518
3567
6679
6251
2082
1602
8291
7499
5346
8077
7536
2494
9794
494
3390
9807
3343
9928
8196
8431
6573
941
9626
3977
8853
697
8579
122
7400
3520
4682
2516
6922
1033
3398
3415
1625
2394
720
5212
6177
2770
5740
5341
3458
4269
4116
3013
4096
6809
6649
2492
4322
4651
2572
4687
960
9444
2999
9370
734
2046
8140
1205
5119
2106
4019
6033
7444
3818
3473
1410
376
5253
1929
6016
7815
1491
6666
9209
6824
9177
5360
1606
5640
6691
6086
3907
5571
512
4417
5127
8669
6718
3219
8164
8954
8315
2633
5454
5865
9992
8051
1717
5285
9298
340
1038
4639
5156
4130
613
1917
4010
6892
8319
4015
6376
928
597
2594
8896
5860
2691
2190
7726
8560
9738
1893
8487
3910
2568
7628
4207
1119
3073
7190
331
3259
239
6475
6956
2452
3442
9793
3554
7824
1499
848
2558
9735
4513
2414
5979
703
3190
827
2730
2271
6590
868
2276
46
2201
8386
1744
6677
2914
7734
2021
6359
2063
8907
1480
3794
1684
4736
2499
1628
1087
6103
3188
6536
6235
210
9191
6466
1967
9036
2817
2949
3449
164
2065
4410
7973
5255
6749
937
6389
12
1519
7730
2897
6779
9360
6928
3777
6431
233
4148
5869
7967
8546
4949
5785
4938
9246
3657
2472
2871
9045
1123
9539
4161
7452
2787
4412
5320
6429
1727
630
2062
3265
8642
4563
8719
2725
7519
1854
9903
5703
7461
7731
9005
1118
149
4097
177
4233
6253
5430
7803
2615
5260
2855
948
7215
654
7838
4719
6633
3688
3189
8208
8681
964
6286
3894
2292
3381
1527
4616
6757
6583
1503
7209
5464
1359
6512
1079
1825
7254
8924
2966
8330
5338
676
1565
8433
2023
7983
119
6056
1306
1758
6468
2537
2669
3030
934
4735
1048
4934
344
1054
2206
1381
8671
2888
5236
53
6273
8834
5150
2959
2892
6437
3015
2685
2776
7191
9318
101
1261
6367
8540
4469
2204
2912
6560
6756
1986
6296
9066
8088
4351
7601
4306
8083
1155
2009
888
3571
8320
2863
9534
6835
9024
143
6576
7183
5637
8799
1253
2694
4790
9150
2160
2868
3613
2464
1139
714
7306
3005
9192
3793
6733
9356
9383
2622
1462
6917
5217
249
2605
1470
4113
8568
5378
9491
8664
4449
4966
9857
8061
2662
5163
5126
9458
275
4907
7066
139
9882
1911
223
4880
5377
8105
6602
9507
7261
9783
4630
6424
5495
7592
5728
9830
556
4026
2282
9615
9004
3646
9673
264
7243
9852
4380
3828
1754
3149
6374
7686
1046
8264
7125
2758
7238
5997
8243
4303
2857
6591
6572
8998
9739
2113
6285
7186
6714
2550
3020
1374
3561
9142
5386
638
1128
9282
8166
9308
7679
3888
7978
4436
2663
5243
1890
7585
9147
412
9876
6212
3647
1570
601
9359
6328
7666
4467
9019
9529
7786
3119
7756
6191
8278
7064
9060
6755
2300
2779
5120
9115
1766
6884
1637
7680
7987
4528
1537
1212
829
7954
8578
6407
6142
5971
8121
2899
3451
6226
1106
8202
5733
8246
6628
7916
4119
1974
2043
4774
5975
320
5476
3727
1290
9627
5532
5334
9618
113
7498
187
6860
3755
4274
2739
7618
8483
9595
8744
8808
8232
6020
4498
8304
864
4405
2139
7264
5651
9530
3517
1858
9073
9241
7876
5232
8982
9964
2925
4547
2159
2457
7837
7990
8666
4013
7663
6791
1478
9958
4854
986
3868
8021
7847
7072
162
4313
8040
8322
8137
3560
8558
6828
4652
7562
5768
5668
7417
9515
7707
8358
3260
7249
9417
8486
6222
3935
3956
140
6934
9524
9583
819
2225
2287
1571
2383
5396
9469
7484
4496
7113
3950
5736
9868
319
9818
7309
4433
647
1786
3184
5468
7721
816
5497
3973
6166
2500
9368
5366
1138
4301
873
6159
4846
2804
7542
8734
2105
40
8547
2068
954
3568
3102
3732
6200
1239
8324
5921
3248
4603
4282
2402
9900
7364
7404
6476
2434
6533
7971
7474
4996
9636
1298
944
5268
4354
2192
6656
6447
6614
6611
6355
6025
8462
4427
8466
5780
399
4539
7884
6798
7879
7173
6971
4031
4519
558
612
7193
8984
6544
4035
4941
7002
8154
3035
6089
8983
358
3635
8275
3207
8405
7711
1549
574
8369
8828
3468
5401
6487
2003
9112
9518
2363
7480
5124
5856
4526
5151
1589
9148
6603
8235
7775
7632
4991
2257
7381
1439
4815
1514
5743
3175
7698
9755
5433
5402
6672
4067
8229
4836
8672
1808
4029
3809
1337
1865
1836
1980
8903
73
3523
6300
3990
5099
2347
3291
9820
3923
461
7794
6349
2556
5004
8831
560
1940
8287
7650
4572
2578
7199
7332
2109
6167
1534
9255
9973
4431
4740
1969
5557
2332
3135
8577
2273
8461
7715
9266
2370
8107
2330
9756
7749
1177
3695
3214
6180
9831
3196
9232
6124
9967
3967
3138
5315
8222
4134
1047
8712
9587
4767
7269
9083
2489
3497
4387
7867
8726
1182
382
4146
6051
686
8142
4429
468
5859
8522
3627
2236
7028
4295
2920
7428
3805
4924
5887
4559
2536
582
6915
1113
8036
4978
3258
5872
8729
1931
5760
4851
9591
7167
8447
6871
201
3943
9623
7270
3615
9990
2767
4426
4267
5064
8736
2696
8368
983
7069
7321
6488
5782
8141
2624
9963
312
3424
5646
2266
8217
9103
8143
9094
6777
8031
4214
5968
6517
8205
5182
3619
3758
5709
7743
6750
310
2769
1564
2587
8710
7518
2991
4960
2191
5633
4544
513
2298
345
1328
7839
7060
1553
4746
6850
1398
3721
4656
2938
2168
5308
2350
4610
4447
4356
5775
4998
4540
8042
7414
178
5327
5473
4707
7735
4583
8585
4070
2799
9199
6258
7878
3223
1630
103
8244
966
6465
8391
896
5816
6770
7020
8668
7132
2098
1259
9070
4708
1331
2012
866
5564
8758
8071
6726
7619
9528
3993
7021
5333
8038
811
2167
8066
2908
9046
2744
7621
5822
1676
7555
4108
6293
7882
167
6345
4778
5843
6897
1431
8150
8103
668
1114
4517
190
837
4590
2541
1391
1799
7454
4411
5657
109
8739
1353
77
3057
2721
5664
1443
1146
8177
5799
1601
4277
5348
8194
2327
2611
8636
4290
3770
8934
7061
2511
8895
2107
3422
6616
6729
695
8555
7117
4932
7486
1011
6324
926
4242
1225
9862
9055
8780
5691
3314
2864
7862
477
8854
3455
8382
4339
793
9775
939
8996
5708
1385
7584
5364
5384
8597
6759
8018
1334
3107
2800
7855
7056
3430
5809
2544
5117
7595
7034
1500
5807
1926
1776
9611
4717
5030
8001
6233
4370
1614
4220
4463
3420
9639
1407
4657
430
3475
2186
8769
9153
47
7638
6255
5803
9101
3538
9850
6134
4653
3768
5598
6769
7263
3110
5949
4222
9205
4471
548
1649
6948
7745
5988
5850
6249
173
6849
2146
3692
5112
7629
5717
7643
9229
6506
4081
2650
1436
1841
755
2880
6632
9821
7325
2517
9946
5507
4175
7027
2772
243
7965
9111
5292
6978
9771
1873
6322
3801
2805
1057
2859
753
3707
1001
8879
5999
1075
4821
7507
3169
7736
8434
4957
6219
7763
1394
7145
2044
6785
1806
7648
8406
1978
3590
246
4593
5359
389
5170
7652
7537
2210
6057
7513
8362
9676
1204
4770
4358
152
7005
4725
3147
3746
1688
2854
65
5969
9365
9956
9141
3472
5622
7853
510
3883
5409
1777
5303
3917
3583
685
5518
2165
107
6071
2126
4425
7617
4833
3589
6117
683
1994
5765
5235
5039
2443
617
4406
3447
3912
9336
2221
3739
5825
3066
8068
3532
4556
5194
1558
2094
946
2339
1812
3014
1862
3623
5964
135
90
7793
4008
3559
2454
8561
8505
6795
2147
261
4397
4254
8581
4124
6401
6445
7491
4011
9521
4144
2268
5924
9283
7604
1446
680
316
1767
2052
9936
2184
4285
4173
9547
1201
5530
8081
8332
7801
1985
1814
8297
9913
4514
8604
8943
657
4677
4106
5307
961
9616
595
3555
985
9938
1024
5960
7338
6752
2459
5946
7429
8173
8254
7174
4587
1208
4091
8313
4276
9847
6131
8493
5764
2340
6993
39
8988
8764
9184
4312
3438
7459
6594
1492
728
8203
6997
4672
1849
786
9480
8280
7468
2670
6872
4796
8551
9287
3431
3254
4386
7492
8752
8756
6360
5470
1488
3140
5719
6386
4619
5037
4296
242
3272
3955
3476
3229
3529
6827
9068
2992
1950
6341
8824
6332
7340
8878
7520
8607
8500
7497
7065
5814
996
136
1818
4713
9099
4900
8807
4072
5339
7586
8802
2140
9975
3298
7529
4803
1631
978
1683
6977
4733
9162
4494
489
3071
898
1432
7849
4750
4591
3280
2177
3978
2391
8653
2630
1956
7439
7189
879
3297
3041
2689
4145
129
7359
34
2862
8147
7993
1757
2534
7950
2476
8348
2775
2661
5174
4451
5388
6547
5411
4107
8279
7022
5783
9844
7773
1376
7411
1316
5410
3573
5256
771
1542
5240
2104
463
3644
9944
519
4923
6794
8327
8276
5105
6951
774
4289
5867
6402
4629
9419
3191
2893
3208
2924
1908
6318
9687
6589
8308
9401
5071
4599
7075
346
3093
1045
5831
1747
5322
4329
56
3
446
5503
802
3941
7438
6377
2127
9542
7905
910
1002
3661
5458
7523
6626
9392
4869
2461
6135
7857
7245
2910
5385
9381
1088
146
3206
1554
1089
9446
3896
1983
6710
1853
8743
3926
7708
5038
5381
9646
5624
132
1775
4279
8948
4515
634
9725
4894
1605
7073
1851
610
9347
3947
8844
8098
8630
2249
7602
3349
3376
6782
5395
2049
1232
2636
8199
5866
7376
3446
3662
3383
9196
4511
9367
5696
5271
8526
6601
5009
2247
3638
61
6010
2405
7625
6662
5085
3673
5213
3246
4700
2979
4580
7450
9435
9157
1271
4374
3170
3877
2403
9202
1447
3222
1824
2364
9602
5603
5589
4738
9884
6580
6268
5600
3279
3120
9662
1988
2543
2058
1725
8421
2153
4875
3180
1120
6914
7981
6408
5770
5920
2761
8571
5246
9249
4069
3949
7676
3097
9863
2640
7970
9210
3545
7330
4527
4352
2884
9619
586
4826
5841
3177
7018
7273
5475
5045
5054
7275
7158
5059
6155
4079
4864
1181
851
7388
3264
373
8550
2475
8527
2503
8255
5228
5129
3157
