10000
5310
7416
191
2536
6836
5148
1372
7943
3059
7881
6066
8497
3397
5739
6838
5976
8721
8633
5436
2363
3605
8429
1222
341
7930
8096
3388
4928
3332
9930
3577
6640
1739
3873
6554
8020
3301
689
7192
5492
1782
4742
5974
6697
4946
5612
3058
1059
1343
8778
5723
6204
3695
918
8446
7162
7508
4322
9904
7465
5729
4818
3919
3123
6377
1847
7253
9677
6396
7776
6810
6209
4851
2138
801
7066
4545
4578
2494
9521
9727
4772
9471
8201
8647
1762
7876
7833
9848
4234
250
5578
5911
4729
6533
2804
6210
8282
5202
744
4024
8746
4225
5668
720
4037
5646
6139
1995
2571
327
5335
6610
8109
6064
5686
2276
9820
3501
3884
953
3707
1361
1219
7026
7365
5480
7765
2415
6891
9140
1910
7366
2917
5154
1215
1430
9959
1287
3203
5955
3983
5909
3493
2901
3636
9054
9135
3250
565
5417
3394
9281
6566
9697
4000
9690
9759
1479
9914
6791
9504
6432
7238
3247
9728
8791
401
5145
5554
7520
5189
108
7871
6084
3339
3758
4405
6130
715
3155
6632
6919
5301
5731
609
4616
3037
6090
4136
9175
8143
2518
2449
6722
4734
7291
7827
2180
2558
9455
9088
4592
1079
8278
7263
8917
6611
6284
1437
3249
3930
3557
8228
7840
3478
141
1285
2129
2548
3933
7242
7753
3004
4513
355
9077
714
1962
7093
1442
1677
9643
5945
8767
4259
4120
6375
6924
2795
2477
3527
7719
7702
5201
5482
8114
2643
8389
8301
3459
7824
8793
2719
4216
5269
7476
1076
699
7292
1177
5951
4961
2083
2632
4110
7487
9687
3492
8731
3327
3030
5953
5421
931
7809
1580
5422
1925
3727
5387
4954
8330
5875
7134
2082
6015
8759
4783
2900
2530
4530
59
1665
9025
799
3473
2032
8039
2967
9920
6744
2301
9460
5672
1727
8411
1185
69
282
7544
5944
8108
4854
9793
2201
5700
7119
1820
8566
8065
8088
6583
718
9256
90
9713
3431
9929
9927
8524
975
4566
8271
5938
6407
4532
9778
8851
660
7168
3093
8367
7926
7194
5190
3552
6195
2640
3188
3843
9858
3874
7549
7200
2291
5356
5241
8353
4749
9698
2888
2115
2435
7071
6028
2671
5515
4215
4504
3484
1273
2292
2855
1587
9332
1522
2575
9103
9385
9287
9174
6500
8031
5107
2263
2555
9948
2511
1662
4898
3909
4169
9776
5656
765
8533
383
8423
6317
7856
8638
8521
44
1913
9337
3109
321
7100
4102
3808
4359
1412
596
2431
2925
285
3963
9482
8424
636
106
1135
1333
8359
5101
2148
3929
6655
9950
2481
6451
2395
4160
2581
2952
6073
7505
2507
6837
2240
2104
5325
4632
5946
6985
1940
9650
6895
7209
602
5531
8538
5821
7151
3947
8691
6677
1106
1359
2039
6680
2721
2315
6136
2578
5410
2503
9599
2214
8366
7639
6814
4143
1032
7040
6690
7521
5485
1979
9219
5495
9762
8308
7715
2217
8548
6098
1041
1319
3083
3564
324
8083
6736
3792
5208
2190
20
6296
9263
4523
4536
2423
3993
3232
6552
729
7339
408
9941
4950
3651
3296
3120
3129
9230
8549
1034
7268
8551
8585
486
3769
1601
1300
7693
675
132
9122
6506
238
3215
3097
2789
9306
9961
776
2268
4389
5257
9390
4491
2821
3124
4610
6247
394
6222
6089
5170
4800
579
6336
1717
5454
2432
5758
3224
2519
4703
5318
8196
7439
7667
766
9200
772
5100
517
4423
2623
1802
2119
2458
4911
5115
3116
7566
2799
5228
4719
6274
8798
9406
1274
2364
7987
7973
2678
1304
7803
8776
3762
9710
5435
6870
5892
3788
913
581
6018
6173
5884
2137
6825
805
3238
6482
3787
4558
5414
9069
8137
1750
6706
4452
3503
111
9886
1405
2028
6561
2235
2880
3662
8989
6402
6603
237
4364
4958
370
1688
9168
5737
4971
342
2877
8094
1976
873
3056
175
3108
8506
3112
863
3208
5380
2668
6192
5581
4635
7468
3572
3720
9255
121
1906
2962
8850
9048
459
3219
6258
9191
2052
7682
5262
8449
144
2628
3262
1391
3900
7096
3119
4395
4302
1396
6858
5856
1072
7601
6546
5583
1416
3610
7642
499
1982
2770
3739
4347
8202
1125
1570
6626
471
9096
3550
2787
6688
8238
7227
5567
6982
1145
278
9291
1884
5134
6453
4126
9097
6080
3435
8161
312
930
570
1042
604
982
8328
3222
5332
2452
1445
6916
3067
6165
7232
3470
6077
7282
9794
2100
9128
9476
9901
8807
4974
5007
5585
9118
125
4482
5438
3508
9321
6936
9301
7386
1708
3916
500
4429
1719
8760
9187
704
9354
5413
4052
5144
2711
4883
7707
5360
8671
9695
8495
1549
2824
9957
7167
3090
741
3398
2786
7651
2044
3989
1035
4858
9197
1490
2256
9701
4533
9257
989
7807
5251
9045
3642
9250
6036
6876
6727
9242
4768
8975
8574
601
2112
3184
1152
4770
8272
4942
1480
1566
8940
9919
6283
3411
4090
9293
9877
3162
279
7178
2618
4407
2593
774
9562
960
9508
2097
3462
1572
3811
5963
5546
6949
9530
1137
1704
1756
9551
9470
9845
4340
8135
1169
711
3971
5766
1004
1024
5873
4640
1341
6990
4362
6856
6352
5064
9549
157
9860
3430
3396
8362
2773
4522
136
3079
8097
3329
1954
5311
200
152
9572
7364
7820
5676
3206
5271
2843
723
5804
4595
1066
9652
8709
1758
966
1581
5838
3246
9330
7946
5702
2685
3504
631
487
4526
4619
1783
7782
2672
1668
4404
2154
2062
4274
2216
5430
6124
7948
6480
5570
9898
4927
5433
1225
3826
3887
2287
2862
548
198
864
3804
3582
2158
4684
8885
2698
1938
2971
6329
725
6792
7332
6595
5925
535
5849
4304
7385
8322
9195
7915
9237
887
9323
5496
2049
4476
8540
9509
3891
7044
1865
7333
1673
1648
977
2722
1562
151
361
2807
6122
2275
8032
6357
3959
5828
9705
1850
8243
3020
4044
9971
8393
2649
4639
5880
9421
3006
2284
1766
2222
259
2071
4466
440
781
9104
161
1645
2347
7067
1654
7655
7706
353
6839
4081
2647
2371
3556
4512
8422
1492
9518
3488
3901
1087
3377
4914
4335
1598
934
9017
19
3145
6176
5879
1879
276
591
4444
903
7978
5577
522
8935
104
5105
4724
1384
5685
9590
3141
9262
865
2761
8305
3618
8849
6163
9604
9315
1118
6521
8413
4614
2489
6076
722
6413
2884
6324
8145
1268
6504
4303
7004
230
3867
1888
7099
4877
6752
9144
4926
5604
9008
4113
6042
7018
7295
54
8880
1880
4055
5562
7817
3227
8719
2844
1241
2397
344
2791
3257
7401
557
6725
6249
5285
4988
3682
2430
5587
467
8237
5830
1326
2830
7901
2089
4473
9548
2078
8805
6712
5932
3935
1924
7290
2735
4374
7098
6867
4247
7992
9210
5001
8964
1420
7445
9570
5171
9672
5123
5734
9573
8893
9302
8891
5044
4788
4712
2394
8753
6141
110
7298
6638
7836
5767
4865
6266
309
7111
9299
229
8897
159
9609
4515
1286
756
9336
1029
8160
5750
3827
6505
4873
3568
222
7340
7217
1845
3426
4293
9084
58
2611
1487
5661
4835
1218
9252
435
1859
5921
4351
2598
2869
481
7490
167
8248
8510
2167
3676
1705
6565
2630
4142
5196
413
8050
7752
3239
9224
8717
3665
8649
6510
6662
1027
6282
8835
5610
7902
4084
684
7567
797
4534
1379
5169
3268
1198
6634
3969
8251
9106
2495
6007
2725
2143
1663
3233
257
9890
7021
9553
8012
9770
882
2701
7744
4553
907
7050
6135
6156
1996
5538
566
6318
9935
3148
8263
8841
2852
6644
9716
9725
2745
3763
6447
32
7281
2614
8582
251
1255
7695
5031
4849
5961
7037
3821
3563
5628
4371
4437
3829
1760
9970
2448
3941
9756
3042
1903
1819
4042
4321
7950
6425
1640
5726
7395
8581
4600
4288
3160
248
7914
1747
9328
8253
7300
9741
8458
4151
3445
2559
6547
9668
7213
1425
1238
8686
8157
4884
8879
3671
897
9389
8496
6069
8195
2757
4330
1849
3474
4085
1039
6878
1718
6027
2175
7573
8816
2621
7692
7789
3853
2697
2400
397
406
2272
6833
5683
247
3832
5678
3304
6738
4791
8960
8911
3816
4175
8357
8568
973
2904
6178
8053
7771
8842
9183
8693
3968
4750
5489
9409
4969
3712
7560
3415
7331
1531
3905
3048
6780
3994
1998
1441
4209
7801
7452
6685
3607
3895
1887
6472
7243
9522
3840
2053
8148
1823
2264
177
4705
752
737
7358
7500
4816
4251
4134
1869
5530
8912
4086
4669
1792
1313
9991
7085
5920
5611
5987
6440
762
1867
4029
3734
6262
3656
8680
9634
5011
6853
6138
1095
1471
3284
3457
3305
9885
4670
1608
7610
9109
3335
6542
7889
4071
5847
1473
142
465
3187
5298
995
4735
5188
7660
8435
8530
216
5566
9133
7083
872
9694
1157
393
5487
5822
950
9095
9781
334
2599
3181
6851
6264
1730
2707
824
3251
2613
6308
4468
8441
1229
679
3254
8068
6216
1005
8060
256
1299
1964
6664
8953
3264
9319
2885
5358
5854
8988
7999
9899
9807
2040
2434
3591
6522
7941
2753
625
7171
1808
8176
7675
6776
6732
881
50
8819
1269
4263
1417
4759
6785
5280
4342
4392
1790
1194
430
105
7997
833
9075
1265
5654
7069
1751
5503
8133
1376
2419
1779
3533
8245
5848
9087
8298
22
4980
8892
8189
1520
3107
1828
6208
8016
9347
2485
2882
4775
6394
208
9353
2076
6509
550
7128
71
4254
6186
5902
2064
8314
2949
5582
80
1759
1537
8289
9597
8319
7506
5386
1550
4313
6299
2961
6691
812
6815
9550
9011
7485
4269
3586
8341
4945
5785
8101
9912
6976
1641
4552
379
7905
4694
1324
6579
6328
6652
1172
558
7713
4901
6656
6335
6175
9085
9186
3698
657
823
749
4164
7618
7311
1206
101
5637
2257
7028
4057
2525
5919
3146
4192
6155
1709
5055
52
1377
6804
3864
7142
3062
7686
927
6161
1045
2907
4467
1600
2920
4937
117
2696
9165
804
2454
6724
5204
4410
746
5618
6374
638
4054
8902
4918
4817
6657
6969
896
673
6009
8595
8226
6233
9780
9423
4378
1698
4511
8571
6873
2838
5119
6123
1386
4748
3520
6715
5305
2839
515
7606
9311
7305
8878
5334
1624
1815
6625
8090
8152
3692
9158
9457
6340
1618
6929
2989
7831
8650
1561
4051
869
4420
8217
2234
5238
9913
4798
8213
5284
1227
8309
9318
1011
2765
7977
531
6751
7812
138
6575
3035
1232
731
8078
4028
6671
8014
4181
9791
8764
728
8116
9474
7072
2586
3289
9635
6005
7700
9270
9199
1707
8448
5017
4139
9536
1081
3911
6624
2286
2023
4015
1252
8955
6302
8257
2743
5259
1202
2995
3778
8660
4611
6922
6553
8062
2134
5541
8664
9721
8166
5303
8853
8725
1078
4428
9591
4621
7699
871
2796
5313
4325
710
9056
2066
4727
5667
6748
184
9160
1781
7087
9438
7299
8310
4346
8682
196
691
3795
2642
6874
1284
1614
6215
5978
8445
7862
4809
5173
2842
7851
7219
5459
4625
1546
5789
7031
2323
2988
6560
349
3272
8003
6645
2116
2241
4123
1897
8204
652
2111
3072
9644
143
8939
9799
4495
2638
2658
9265
8646
2746
7392
5157
3243
6707
8075
4583
6067
4991
4984
8167
8817
5395
4782
3856
6181
1191
6974
3210
3875
922
4300
2484
8480
4053
5327
3872
9513
4365
8102
3044
400
7892
6631
4343
2092
1642
1958
5643
1113
9127
6079
2564
1289
3338
92
821
2972
3861
4020
5457
1449
6434
3754
2505
2274
4238
5631
7724
8343
8748
9094
7958
2534
6613
5677
6298
9833
8736
320
4032
5688
7415
2850
4537
6454
3549
3480
9386
8350
4603
9167
3942
5230
7101
6953
164
4067
6537
4432
9814
3057
4222
4397
5127
9247
3354
7844
3320
5142
2501
1128
7176
3450
205
6913
7591
5622
8491
7757
1170
654
5067
7574
3661
6939
3336
9557
9700
213
9964
7377
1745
5449
4185
4275
8462
9817
6043
2457
5024
8985
6580
4546
1
1166
2099
1323
840
4992
651
1098
5799
7430
4442
9798
8008
2819
7373
4211
2123
4896
2288
5472
5283
1626
5545
8034
7410
8545
4244
5697
6490
6591
7231
4230
9079
1841
5493
6314
701
3260
8321
2669
5841
8364
9861
3646
6885
7681
8038
474
6787
6545
5164
3869
8106
6386
8713
3877
1279
4907
926
8380
6147
1312
3012
6023
2236
4947
4853
4906
7925
1557
2853
6759
7614
4886
3045
254
7529
4767
4076
3070
3265
3608
6528
4253
9526
8866
7701
4017
2098
8937
7558
6391
3310
3161
7769
3205
9193
7398
9517
1025
6786
3902
786
1221
1091
7267
9420
8603
1388
4034
5720
1094
6909
8244
9692
8625
7859
2549
6096
8444
1713
5103
5759
2970
4213
3965
8405
1415
6152
4564
2903
1223
3852
5694
1660
2021
2634
6399
2665
6075
4930
4384
9024
4226
2079
985
9259
3954
3399
2105
8522
8451
9274
160
5607
8178
9178
199
3822
5412
7730
8300
9628
9074
6667
9093
898
5544
818
6871
2022
1334
693
3314
3317
7939
3051
2080
4608
9177
9633
9874
5990
6778
411
6942
7344
3455
685
8037
2948
4704
9863
5820
3054
6532
9968
6154
8973
3870
8400
690
3244
9365
9903
2674
8355
6742
4624
3151
8124
235
7832
6403
9021
7387
5079
9804
2073
7059
5898
9588
5634
2179
7799
9859
7276
4628
5660
9675
8416
3401
5890
2406
8207
131
4036
1297
5338
7353
5214
5232
1844
7953
84
4990
5615
4832
5851
6085
7545
457
1726
2568
1393
8407
9243
672
3722
6983
5458
8221
5914
2896
5306
336
9856
6263
1230
3672
7159
7212
1827
5507
2938
9806
5777
5917
4280
4931
9227
7186
8277
7052
4963
8119
539
6912
3934
8273
8021
6877
8888
4485
2142
8303
239
3136
7091
8052
6827
3738
2184
4813
6092
8570
659
1443
2194
1585
5136
9192
1912
1681
1436
831
9987
3489
2294
8543
3825
2612
4079
2358
7822
5810
382
3780
7222
6174
2829
8489
9578
7860
366
919
8459
6463
5912
8824
6932
1594
3558
9497
1008
7787
793
4019
469
5509
7409
7698
8868
9990
5146
740
6260
8123
6930
8194
4094
6495
9748
972
1989
8064
1156
1418
9527
8657
8913
3885
8484
364
7646
7920
9926
4489
452
5517
5950
1190
8786
9802
1446
8758
9020
5236
9558
1151
1909
5409
8431
1543
7550
2413
2569
3790
4232
1155
5712
9277
45
5770
7246
7653
5929
8615
8019
6338
5272
7070
6030
3182
3776
1018
4013
8269
4132
6551
6110
6289
5916
112
6604
9864
706
2748
2339
3194
3666
8490
3204
8010
9583
4138
747
6899
4391
3903
40
2229
2498
5317
6931
165
6572
5982
6331
3617
2806
7570
3627
8048
3842
7658
6408
9254
9031
3771
8700
5397
2513
8610
7045
5046
9150
5254
2676
5446
1189
9787
7343
9995
7611
978
1049
7587
8704
3391
2437
6975
9352
6835
2295
2252
5486
9801
2777
120
2768
2050
9761
2468
7019
9458
5754
1288
9080
4108
6584
258
8352
1920
5288
4573
4744
51
2662
4194
3345
4604
8291
7396
8200
4602
6333
9564
7058
2253
6437
6411
4173
8749
8922
775
9427
9444
6716
9963
1142
6641
3581
9151
8105
3830
4651
3723
85
7900
3839
8952
2317
2410
7065
468
7008
1816
1302
3371
1639
866
5532
7534
9344
1474
8795
1573
8370
683
9737
8727
9516
6093
3105
854
4726
552
7234
8785
1657
1512
1554
6442
3908
4895
3982
5483
779
5382
3486
5764
6650
2460
1555
533
9143
2679
9028
5908
5878
8327
5270
1250
4852
7005
1967
4478
2224
5192
8812
9610
5216
3583
1874
5563
5091
7266
315
3781
6443
5657
4733
3949
3735
8059
7513
6359
4451
6852
4685
1244
5497
9918
1439
8705
4922
3551
7123
8984
9387
6051
433
5366
5097
7440
6427
255
3152
8235
221
4278
6465
7773
2015
1026
5589
6883
5010
1451
3019
4944
1829
37
7029
6842
5048
2469
2260
867
9382
2514
1291
9464
6811
2595
734
9897
3818
1457
3888
4063
2597
9939
9176
2177
4235
4318
7880
4398
1775
5248
7273
6621
2027
9686
1735
5936
1195
974
956
4453
2122
354
9746
9487
1959
4588
4848
3640
1839
7688
7819
1307
6775
1661
1422
5600
6947
1248
2661
1017
8784
4943
2664
9495
9376
1316
5907
571
9068
830
6844
1737
5886
8184
4289
888
1571
561
4245
3881
5256
1921
100
6055
3139
3981
9892
6397
8318
3710
3016
8033
5213
4872
9750
1579
5377
8586
4314
3169
2553
4223
7156
2780
6548
7609
2619
5528
6696
5655
9233
8236
1997
5836
5552
4970
1309
8995
9830
7449
4828
3950
6515
8255
5514
826
4239
65
9333
219
595
2020
6519
662
1242
4568
1607
9169
5675
1732
2372
8908
9876
9436
5159
2048
9506
4348
5817
7314
5399
7990
8720
2872
123
5331
2516
6709
8418
7400
7499
9627
3538
4336
8594
5564
9002
3125
914
1051
7593
9100
1180
7535
2866
7063
9278
9942
8414
1402
5400
9202
7190
1214
2654
42
3967
2848
1400
8457
3844
178
6227
3087
2689
6267
4923
4866
1201
504
2156
8783
9430
9166
6493
2497
2567
9842
7308
3306
4243
7453
5632
8452
8998
8026
6961
3775
3465
3382
9986
2551
5111
1409
7434
2251
3047
6586
8104
60
9019
4454
7967
1773
2588
2081
9439
9733
3025
6446
6239
472
8644
2985
2034
3766
153
754
1615
9397
607
2690
3690
1817
4059
5258
9749
6031
6790
7502
6906
9374
365
5403
1197
2751
2209
1806
1363
2200
2601
380
210
4916
2924
2876
1183
2409
6933
6731
8800
3745
359
3794
2562
1814
567
4807
7014
4368
9043
7741
3606
7230
9883
1646
209
8177
1506
5139
1325
29
5263
5780
3441
2512
2651
521
1942
5035
7260
4283
6594
201
6805
3628
1203
4630
261
9294
837
2103
576
2385
7683
709
7733
6483
3849
1943
9544
6556
8290
8857
9693
9905
5278
3726
965
3977
5060
8325
8404
5018
6894
3114
9715
2172
8986
1281
7204
4060
1588
9559
1857
5651
8504
2074
6609
7202
7849
5998
8481
2663
9349
6224
6599
9245
9647
1721
6741
3291
2340
1582
9244
844
1010
560
8564
4960
1748
6857
3757
5185
892
8174
8501
9216
3259
2213
759
1552
8934
174
9037
2816
6017
9915
447
1065
4310
5099
271
4088
1833
2162
3914
4909
6251
4100
2199
2691
6256
6414
4431
5971
3386
4845
4806
7241
9477
6371
4103
2124
1023
3847
1524
7469
1576
1547
935
1275
7995
5036
61
6000
331
9709
594
9808
3964
5398
3390
6940
5292
2934
7664
2018
4966
4049
3451
9429
7964
4172
5768
114
4339
5447
942
3078
879
4607
2445
8182
1493
3392
9289
8024
7075
9194
6798
7764
7474
758
4605
3851
2832
5056
5787
2963
2605
650
5735
1318
5389
7722
6014
7640
598
612
7507
9825
997
2011
8616
984
3966
7220
6728
4978
7666
2188
5943
7187
9973
390
3837
1355
7182
8287
5374
664
7062
2267
7868
5425
8518
305
4847
9288
4894
2087
9669
7547
603
3177
8575
3270
9834
5782
1160
3279
9928
878
843
5376
4689
5373
8209
1896
8516
4171
4040
8485
7233
3378
9624
8187
3253
6052
2608
4867
1658
4935
8740
5227
9582
8385
7982
8439
4702
1676
6228
97
6862
4609
681
4152
7129
1651
6782
7847
415
3323
6365
3614
9267
5000
5887
6416
4387
8673
8852
7197
5264
8796
8513
8734
4266
4680
9546
4277
6868
1188
5539
2313
7265
3750
8436
8191
2645
5341
9978
6726
2012
8417
7094
9384
2247
8792
4575
2994
8262
5818
1956
5
1511
1625
9598
8227
6860
4477
6797
5434
8810
5442
2075
1354
1532
7417
5894
5981
6270
5408
8103
2889
9743
8520
633
1534
262
5877
7794
5329
6918
5542
9010
7966
8074
3759
3679
7426
2607
6160
2176
7495
3809
8966
5184
6499
4133
7961
4987
128
9003
9667
1798
2537
9115
2979
2705
8916
181
1902
2026
6197
5467
2680
6981
1433
3824
5926
7245
4880
4819
777
8925
3106
3290
7457
4271
2338
7959
7349
8898
4543
2259
4732
8747
103
5757
2303
9188
1007
9724
7991
6112
8180
1866
6941
3061
7319
7972
8591
4372
8169
1825
9625
2726
2922
4740
608
7382
4022
7293
3848
8397
343
2453
1064
5779
6162
4415
163
4369
9081
3133
1647
7425
8699
2447
6651
600
4577
8583
6996
462
1652
6517
4549
5050
7716
946
3497
8356
3523
4957
8772
3957
8694
6557
8007
3419
6781
8150
8368
318
9236
4803
1675
9379
3404
1306
308
9585
9744
592
6171
8292
8132
6980
7533
9838
7694
4731
3587
2794
8054
3267
9297
1684
780
7383
7795
4774
9013
2667
5653
6808
1842
4035
6326
5855
3702
7503
2928
8659
7974
6679
2945
4406
7496
5897
9208
8095
3446
8554
5872
3
8956
5219
3143
476
438
4082
3565
3242
2296
292
7450
902
1264
4162
3512
5650
6449
4107
4827
6091
6966
1722
6764
3209
859
6392
70
1461
8151
6536
67
1131
5741
9498
443
3548
4494
6749
9600
6485
5555
2407
9893
2210
1908
7248
1263
1871
7808
9796
8710
5527
6198
4265
7262
5138
5813
3709
1368
5180
363
2939
587
295
7780
3498
6057
3760
9979
2681
7562
2095
8057
3111
9047
665
7578
4776
1464
4878
8620
9629
3113
5663
4606
9889
1936
4298
7036
7201
9729
9413
7107
9445
2157
6799
8735
7936
91
5996
8741
8482
3920
9972
1140
9529
751
5140
2464
7962
5451
2737
8708
9937
8669
9300
1070
6022
1564
9491
5973
3764
5347
5870
5616
3893
9900
9771
1353
800
9844
5009
4642
9211
2833
8371
2826
3653
688
2344
4881
8044
4810
3331
7814
2377
9348
3234
6211
3530
7255
2760
7
4488
9053
9519
508
4050
813
7374
6184
1741
7056
5368
620
12
133
2455
1701
658
4490
9934
5627
7775
2914
5038
6562
8864
7539
8883
4077
7352
6
585
3928
6415
7852
6361
8569
9316
9534
3612
8848
9221
3629
9249
6196
7280
3034
7931
3356
4027
2462
2543
1734
2090
6288
3417
3898
3748
5453
7326
7766
7569
3196
441
593
1394
5049
6514
9982
9172
8809
6246
4091
501
627
9523
9204
4653
5984
4773
6344
3475
9977
7199
7380
1093
4267
4073
2550
1840
1616
8804
2906
3596
3974
2596
3408
8247
8768
1809
3696
8386
9201
6071
3528
4745
9163
7723
2128
2245
4839
9478
4760
7478
7491
2436
1666
3180
4741
8781
1854
2218
5864
2523
4202
6714
7310
6418
9251
868
496
6095
2956
9446
9488
1314
1000
9615
6380
8992
5244
9545
2666
1438
275
730
8598
9502
9307
7399
7048
4662
8756
7911
7284
3144
9217
8832
6189
9117
9226
7278
1336
9706
716
1467
810
5876
2329
4276
4250
5094
9441
7424
6977
5025
4287
8702
1852
1545
1659
6828
8918
8811
5918
3729
5662
5719
5128
6253
3418
2616
7810
5312
6220
9463
524
6761
7132
9355
1002
4585
703
3541
6544
971
584
6406
1771
5427
8131
7594
3761
49
4125
3046
218
241
4305
9768
5321
3043
9646
2756
6963
6285
2202
748
8613
5572
9605
4910
444
56
8558
3103
6048
8149
1455
8000
8830
2145
9102
2057
6581
6471
236
9933
8618
8905
6541
6516
8886
9691
5477
7240
6417
7581
2408
6177
513
2360
4795
5135
7940
5047
3532
6526
5814
9453
2165
851
7360
3700
5098
7288
8211
7188
7185
6489
1983
7196
7684
5511
9608
38
3429
3536
2441
4311
369
8799
649
9560
3403
5324
5013
5749
4261
6342
1934
5207
7017
4855
5072
5322
1440
8069
5501
9653
7325
3649
7792
5666
5432
4975
988
8430
5995
3566
8752
1186
4965
2136
4503
1518
7838
2637
7984
6630
5087
2522
3303
5357
3024
307
6523
458
8831
3202
3715
4967
8369
4994
9888
8763
4470
5900
8256
217
1346
2306
8978
1916
5231
5167
3308
479
1459
3510
6598
6535
3071
3157
1628
1231
403
5958
1001
4738
9033
572
2579
5808
8869
6550
9966
559
8580
3772
7685
7477
5715
8907
2930
5797
4208
9443
853
5724
2778
5296
2837
3487
454
7139
5573
3630
816
1837
4514
7875
263
7279
5518
5594
771
5187
330
2375
8246
981
2155
4920
4672
1054
9531
8546
7821
5649
9039
9663
1408
506
1057
5548
2524
9032
8627
7024
8017
4875
877
4903
8535
2912
8306
7603
3017
9126
7030
3374
5323
9719
6133
3786
5695
3502
9334
8199
4282
2742
5205
2319
9057
1872
4198
8467
2466
5281
3868
7369
9125
1176
3567
1812
5520
6863
7760
6065
7575
4913
7872
5353
3326
9351
1699
8662
9173
9407
933
7038
5045
6907
4663
1617
4061
203
6002
4356
2219
8733
2825
4569
4414
270
9465
4291
8573
5468
961
6887
426
9220
7993
842
8652
616
666
482
5233
3092
9212
2443
1447
6020
4383
5889
7969
8666
5893
2084
2969
9656
2298
192
5560
1158
1932
7117
8049
3688
622
8711
9764
2828
7916
1529
9953
1271
770
9304
5681
3774
510
5361
8281
3820
7756
4787
2902
6897
6280
3915
2998
2069
2573
3669
3619
2775
3128
916
8536
8963
8954
7855
3932
6304
1503
969
9869
4422
4747
6859
7082
4056
8144
8528
1813
8258
8239
6812
1592
3838
911
9049
8478
2953
645
2919
6796
6294
7762
3274
1696
6081
6612
6012
7955
3178
6140
3732
6530
8107
3463
5411
5344
6585
4921
5424
623
6713
5426
8674
7845
3364
5273
8193
3349
3742
9164
8129
6237
9451
3683
8813
5444
3711
5647
3432
5330
1121
4647
9702
4999
7317
8349
7312
2244
7712
3158
7585
3434
1184
9472
1226
190
4200
7928
5809
9082
6395
7269
3350
9707
298
2130
7237
4557
3137
8225
6881
6024
3438
9784
4486
4408
8684
7009
3904
3423
2526
1590
8855
385
5464
3944
4676
3340
707
6570
1635
5832
4654
5899
9448
7172
9338
1818
7157
5707
3638
7320
3402
1444
2587
7537
4471
6169
1404
6971
6958
3543
3179
7448
4047
9596
1586
2357
1385
3410
3836
9984
8863
6287
5601
2723
6614
7404
9261
3973
3894
7154
8770
8326
2193
3883
516
3655
1482
2273
3924
8377
6242
7884
3706
7912
1848
7464
769
3632
2510
4417
3685
5924
757
1256
102
5113
1193
2101
893
8765
8396
8464
6794
1159
2783
8383
1344
9722
2151
3699
9924
1037
4973
425
5354
1100
6757
5498
9910
2168
7514
5722
3010
6660
4822
5752
2312
3862
9665
7996
6376
1224
399
2909
7983
1832
1092
5846
9400
33
7527
9512
1167
6353
81
2114
7826
5299
6577
5595
1375
8420
4666
5465
8507
2781
3952
7039
795
2631
8093
5613
1788
7919
7633
8240
2656
6619
7687
7086
6540
1452
8461
1003
8351
7841
5065
3505
8938
6323
546
998
215
7010
4424
9882
4633
6193
3358
1401
477
5556
1858
5375
5883
2351
3823
5090
8165
4752
9613
9579
6643
7676
4170
3014
3082
7720
7947
5732
8403
5217
3369
8656
4165
5242
6458
2999
7568
4784
8092
4062
9314
5551
7032
2178
5155
7148
5212
8904
2496
7384
6719
1891
5178
4327
1458
7668
7577
7759
9070
895
227
8968
4892
5491
5109
8425
5309
3300
5625
2732
5474
7528
2740
4443
6013
8961
736
8534
2865
7484
3953
5237
5081
1763
135
7015
4668
18
9317
719
3938
6995
197
3749
4294
847
8557
2648
2149
7131
9533
8475
3828
7548
6617
2822
8877
7379
7301
9612
7228
3495
4699
7981
6099
7095
4825
8743
3789
3281
9282
4627
4506
8055
4112
392
3675
7975
8130
6910
3040
1107
641
6711
5536
1695
4940
2476
6050
3570
186
1803
1434
3639
6356
9636
288
6755
7891
4952
5952
3031
357
8080
7842
6843
5580
287
2958
3940
4673
4292
1357
8188
6753
1450
9538
8836
8136
3127
498
1103
876
5588
6740
7318
4376
6127
9253
8265
6349
2483
5002
7077
6622
8608
2957
963
8532
8058
182
3999
3537
655
9456
4626
1119
1245
1162
4596
3917
2305
7261
1890
127
9688
7617
5182
947
3174
8224
1283
2713
5071
4617
7225
6200
8604
8677
1209
5592
1028
2102
418
4268
5122
7323
827
4366
6100
4824
9004
1629
5837
6693
4092
9575
4962
244
2169
4542
1882
3514
9805
6879
1689
9985
4246
9907
4535
391
8099
1514
7636
3972
6948
3192
3436
2387
3073
6295
6676
9137
4281
9044
9587
7965
1424
7138
4841
4070
3255
7918
3937
858
2720
9510
1789
3447
6387
6315
9052
8948
2480
2694
4496
9371
5736
5839
8408
6928
4874
8514
1538
6476
6032
4646
96
885
9500
3425
8773
4636
9812
21
4843
857
6035
3768
6410
3620
5842
7957
2402
7746
5915
4763
6367
2042
6943
9480
5462
4008
4891
3293
7740
6238
5579
3858
3752
7834
4166
9398
7166
4995
7463
6115
7873
6293
4758
6627
4831
5260
1120
2186
1994
4144
8477
4352
1591
8688
5043
8745
1793
542
3414
2657
2627
7565
2348
2560
2171
1164
7590
9696
7381
6529
838
7703
6360
4882
9113
3195
2163
2281
2544
7791
7061
5682
9916
9554
6573
3730
6593
4402
1544
8027
9917
2314
6117
727
6527
614
3589
7283
2714
547
2030
5966
1519
4917
4594
5234
6935
9284
7271
7650
5774
8433
8162
2369
6902
7215
3975
2841
9811
599
787
1210
5423
4048
5316
5526
293
1335
6025
7595
3923
3275
5730
7672
6398
3468
9062
4871
4114
7540
5575
8716
9788
6698
3321
4363
5172
1502
7710
4295
1009
4899
4692
252
7471
4925
3522
1478
9708
2913
2269
6988
4838
643
5762
207
2361
899
6103
5224
1134
3659
3235
2390
3737
4227
8360
6965
6068
4087
7907
302
9050
6436
1073
3595
2887
7717
3544
4562
2800
1362
388
9896
6337
5603
2146
4501
8279
8395
4065
3198
5986
5614
7378
4833
3101
9159
671
4122
7669
7354
8962
2399
3613
4634
8895
9962
2349
1192
5223
8511
7003
5082
5795
1149
1559
6986
5949
4929
1542
7451
5441
2461
6038
6762
11
7858
2774
3091
7351
7903
7954
7745
6708
7251
419
1521
6180
4434
9983
9865
2212
4033
7105
2254
2594
7406
4725
1873
9664
2215
1692
4714
9782
289
9783
9280
9878
5968
4
2223
555
929
2617
5775
6959
2366
875
5871
1136
1365
6129
5191
5266
9152
8486
6330
3080
6729
4155
9228
1985
3001
8335
6070
8234
8936
3740
4435
8636
5466
4979
9944
1567
2393
7458
2808
9872
4205
5761
8714
5725
7557
420
7158
3173
473
4149
2734
4416
1835
5431
8981
1728
4620
1929
9561
3602
5355
1367
9078
7258
9055
7120
1117
4949
5239
1993
8663
3098
9120
2790
1755
4183
8503
9067
1669
9666
1496
8515
6153
5152
2858
4650
453
528
9824
4038
6555
1599
5596
6469
1082
2584
3147
9375
2221
3256
4341
7027
1944
5858
8141
6635
3298
7054
3211
5026
9108
2615
7818
8333
9215
5265
2024
4720
7985
8113
1303
6479
1864
1077
970
3810
6475
5792
4574
8619
9854
2724
5275
6830
8115
553
724
1711
4571
9146
2600
9322
1022
1822
7619
7411
9584
7976
6886
7313
6720
3657
7259
1743
5402
1345
3458
9496
5058
806
4531
9417
7804
3476
2121
1115
1280
7786
3164
1413
3554
1366
3813
8410
5108
2425
2352
323
5328
4492
5206
3069
1096
6207
2170
4272
1351
4811
8856
7647
6268
8742
6078
269
5781
9758
5371
7979
4581
5525
1332
7244
9419
9383
6639
2874
6854
9952
3886
5524
421
3521
991
943
2644
4695
8596
3373
6684
6322
8723
3569
2456
6701
6588
6393
9786
5147
9380
325
6508
7729
8252
2542
4576
4717
6137
1746
4141
3341
6325
7897
4502
6880
8599
1637
6219
6382
2978
670
1971
5415
4119
6151
8276
9404
5342
987
6605
9981
9486
9938
3980
4840
5388
6345
9895
9275
3926
7090
6120
8338
3380
6182
1931
4156
819
790
5003
921
850
2566
5210
1596
519
9640
1407
6769
9190
1649
1165
1769
6439
5240
2987
9943
2378
1146
5756
166
5790
3961
4498
8241
8676
7731
6746
2002
2769
6788
6109
9022
8579
9234
3601
6058
3976
4985
4197
5416
5743
7963
6364
4462
9763
6362
8915
7113
5623
7602
9592
3494
7542
6699
5429
7393
6426
2013
4778
8120
835
9670
7161
8275
5765
811
680
9184
9992
9401
8392
3482
832
3815
3428
3420
5337
3882
9797
6497
6745
5197
9358
5333
2908
8991
5307
4815
3135
809
7559
9153
8361
6421
1475
6037
7034
8958
9577
2127
5088
6590
1097
856
1947
2767
4184
7418
1606
1240
1926
8047
1667
2226
1770
5687
4201
4481
4316
9654
47
5249
3221
319
4228
2003
9018
2451
109
5250
1423
1308
2574
345
8780
8
5866
4399
3585
2471
1765
6806
2065
4521
7877
1270
7444
7177
2803
1664
3365
8844
24
6286
4361
1622
6435
3361
7108
7472
6849
5308
7705
189
9107
5606
9542
3956
1360
2132
9515
4885
9272
7391
2334
3440
5041
8505
618
2249
9723
9520
8173
2429
1055
6766
185
129
2905
2572
8990
8921
206
2688
492
1650
8544
4597
3033
434
4560
789
8427
9268
9906
6225
4140
9775
9816
7025
6890
9642
1462
3899
4012
9580
4117
2422
5959
5267
7887
5521
7274
3389
10000
3258
610
9366
8794
5450
3427
5166
3170
4982
2335
158
7956
9593
3122
1710
3645
6303
2238
4856
726
768
1371
6987
7588
7388
1846
7627
534
4324
6818
407
8609
4497
8087
6756
9999
2035
8373
4307
7721
551
2009
1278
1276
6301
9853
8994
8876
5860
532
3363
4174
5165
9595
9357
2936
6686
3782
848
4761
1973
7525
8320
6424
4299
445
8651
220
5885
9061
2622
5203
6094
9063
8347
1387
5701
7033
2482
6145
1141
7691
8881
5274
6021
4777
2282
8696
3191
3691
6768
4003
6170
4386
4401
1700
8624
3437
4846
1456
5540
4715
2161
7428
8553
6214
6438
395
5977
7622
5073
4793
4137
9541
4829
6801
8164
7347
1679
7848
5085
2416
2782
2911
2304
1033
284
4279
9309
6056
4941
75
4938
2974
2446
8982
7011
4688
2921
6658
140
9831
6199
9712
9310
5015
2759
2152
9101
5059
7638
335
5773
4968
416
1638
8777
1875
6618
1101
6244
8242
9765
996
7546
2764
8641
1147
6401
7143
5710
9661
8111
2590
8342
3337
5584
3104
923
1901
7612
352
8788
1099
2993
861
8473
994
4821
2117
8707
5112
6281
2490
3214
2677
8453
7971
7894
4861
5034
4780
3641
886
7328
678
4870
8070
3703
2478
5975
2333
7584
5121
3021
6816
9621
3793
4805
9466
7420
1448
2262
7467
874
3539
6735
8951
2063
855
1174
2463
3960
7447
4587
4755
5747
6474
9679
7357
8970
5992
2730
6669
597
7429
753
7552
8274
8687
2043
8471
9826
7586
1069
1208
1295
6134
1356
2353
1991
687
7631
3424
9774
7738
9855
669
6290
7830
520
6348
1919
4572
2673
8572
264
3479
2652
2700
1124
9540
8789
286
2418
8592
8843
8588
3773
6665
2879
6938
4902
2318
3680
3547
979
7913
7321
8808
7796
4231
1918
7800
2660
3560
9462
8140
8502
9426
228
7813
2016
4465
2421
300
6670
6829
7223
410
6900
4977
1012
2068
1048
663
5751
1725
4823
9467
4951
7589
3027
9998
7933
4834
5117
2959
8112
3075
6774
1378
6576
437
8379
7443
7103
8354
5394
5642
8838
8426
2398
5092
338
5473
6564
134
6343
2433
8996
9622
4527
9603
4493
8761
2248
7492
7893
9124
9684
7751
2602
4989
9179
9378
5523
644
7665
439
4089
3546
6999
4480
512
9673
4612
2141
8858
906
1685
1015
2346
6111
7708
5289
2943
3236
9345
6445
5698
5827
6989
7277
7793
7115
2486
4109
4312
3736
3117
9974
8630
267
589
9110
7763
1786
1969
8959
5940
5053
6307
2159
1047
5630
371
2750
3845
2135
2059
6385
6321
8667
4615
7654
4860
2950
2144
3987
2373
118
7460
7012
9090
1507
1060
9064
4718
3280
89
1992
5500
7432
3912
8967
2459
6157
9428
4479
9292
9447
5644
4257
9772
6568
1112
290
6350
4887
7016
4011
9792
9218
1090
5901
4804
5014
6784
3009
2982
6252
5784
5791
8782
1249
5928
8600
1196
155
8317
8072
2539
299
8443
1491
3890
9881
9649
7141
6628
621
3472
7362
1114
5243
4030
8846
6422
5020
1043
7727
8930
7466
9410
3207
8146
6332
6164
6470
8156
782
6223
1488
4661
543
9290
7643
2815
8406
3449
1320
6060
5994
6841
3357
7055
7592
3088
6383
6389
667
1702
4099
3693
2942
6601
6041
6569
9434
9738
6945
4080
3413
5801
378
3621
8654
4598
1322
4580
9779
5748
7613
8043
3779
6654
9923
8802
1776
8004
5829
4249
9433
53
148
8332
226
4072
2225
8374
948
1892
3076
7904
1213
8531
3199
2031
6190
4159
4329
5391
6243
6116
3096
1856
9821
297
5120
1754
2266
5844
2772
1883
3115
9925
1337
1086
3315
1977
8547
8744
1181
2472
4691
4301
656
5076
6964
9683
7118
339
8537
1678
6010
1350
5174
4682
9616
2046
2389
2376
4687
3592
2502
8067
4236
2293
1469
8391
6920
7363
5252
5226
27
7437
7935
2867
2211
7173
5927
9734
1339
4186
6452
2533
5561
4459
4463
8552
3183
1414
8125
8479
2094
904
4519
5535
9286
4554
1084
5641
3846
2693
7397
3439
1046
4458
3168
2629
2033
8945
3648
6019
347
8358
5488
8818
5186
8561
2206
9946
3464
7179
2873
1736
6444
1411
5153
5550
1262
5881
1595
3052
2946
1494
7621
4199
1476
8872
5571
3654
6213
5156
9015
8607
4106
7802
3540
5326
9547
9027
8442
9852
5383
2692
8681
9809
423
1851
9563
4756
5825
4696
6770
8249
9571
7046
4026
4005
5714
8372
214
7494
6448
5997
8261
6006
739
310
9711
9828
8206
404
1153
5816
9450
3590
7661
1621
3406
3767
1911
6646
9945
6339
1358
5508
3663
3643
6423
8950
8260
3132
7438
2870
5295
6675
311
5636
5664
574
3970
8216
7867
1044
9989
9112
5218
2037
4525
3049
5969
8460
721
7938
5621
6230
7370
8030
4510
8726
3261
8313
2381
6271
702
9395
4764
7608
4876
6062
3910
5931
6926
2203
2814
9676
9139
1465
1254
82
9475
8215
41
849
3163
1603
119
3460
1454
7165
9847
5042
2589
3352
225
5359
6468
668
4737
7286
755
273
8284
3584
8637
7718
8642
8724
2258
2585
4757
6459
3791
147
8815
2754
6739
6700
362
2552
5006
4638
6218
2208
2438
928
3156
2856
8288
3149
5143
5999
1116
9827
2684
3991
2895
4127
9276
5709
5983
8025
5800
9131
2118
4337
6840
4667
6793
8375
1946
9980
1088
3089
8606
7155
4409
9266
6668
7854
1558
9240
1052
9911
9552
6582
9303
6800
2868
2851
2307
2771
6549
549
7180
3724
6378
632
5547
3625
3193
414
5645
8268
384
4167
9038
1578
2624
4354
992
6466
6297
6347
6600
7543
6847
115
3346
7582
1056
2650
5529
8679
9659
1577
7073
3409
5823
1966
5074
2237
4319
1680
526
9682
1075
3863
4317
1173
3166
2990
3467
3945
2738
5708
6205
7625
1878
3880
5699
234
9203
9305
3574
4771
8661
8821
3385
2133
2242
9870
15
9214
7367
7170
4649
3217
518
5052
2847
1535
8670
9320
2834
2070
9295
7797
9149
2563
2871
3333
2744
7843
314
2302
9041
5176
3150
4859
7002
8685
788
7405
337
1767
4888
1477
6381
1715
9449
9754
2014
1109
4193
6649
3650
6063
9485
7644
6310
8432
817
9123
7576
2992
493
4242
2487
1470
4528
8297
9198
8993
9815
5964
4116
8066
2813
387
6663
6846
5602
1862
6278
249
6341
3801
6563
1905
377
306
2424
3984
25
7906
6368
3580
6240
3751
4723
3454
1403
5857
8329
4333
8933
3835
389
8920
1794
9717
139
9556
6390
836
629
7530
1392
9403
8015
7509
6142
5850
2926
3299
8304
4355
8500
3623
1899
8563
8340
211
2017
9339
8678
6615
4983
9161
6309
3733
9789
4069
6636
3658
2077
6158
7517
8672
296
9947
6255
9576
3817
8286
9501
8941
6061
2898
8757
7144
461
322
8715
6001
6273
2797
8820
1187
2499
2520
4178
2820
424
2892
6419
3990
4350
9803
2823
647
915
1712
2322
8040
9851
464
8154
7604
7110
611
7536
1267
7783
5633
4797
4483
7482
640
5867
9370
941
3513
3036
8622
9494
4286
2174
8218
5419
2290
8127
3931
4641
3978
5118
7348
1831
2540
7511
696
4379
31
3099
6477
2699
7359
8584
7564
1505
8859
3995
3747
9846
2708
9454
7076
5626
8465
7408
6888
5605
9954
9157
2702
569
9411
4323
5051
1597
3542
3368
708
502
4904
4802
9185
7734
1968
6869
573
1525
46
409
7454
4629
4421
4698
7195
3322
4986
1898
460
3797
2379
8640
2682
8611
3400
9680
3714
4591
4157
1690
6689
4464
7538
7767
5673
9581
3701
9205
2818
5033
713
4505
2396
6467
910
5131
3395
7137
6355
2365
9005
7419
7806
1290
6822
3190
1053
2741
7532
2535
7711
2442
7375
7616
9312
1593
2517
890
5054
6102
6695
7656
3050
5030
9922
4622
6372
5106
156
7147
5840
5162
4565
4548
168
5639
2139
5469
7342
1540
4996
9059
2368
540
1517
2739
7736
3943
7079
5448
68
760
2712
7413
3615
9503
9006
4212
9773
8896
6316
983
6531
43
2403
223
3674
7628
8412
5116
7304
5276
3085
6405
8100
9238
4706
4456
4308
3907
9639
9170
5962
9795
107
1513
5933
179
4045
2538
2504
4105
3598
9492
2261
8051
2320
1374
9632
8822
8168
7697
6011
7671
5008
6492
3213
6217
8212
5505
6710
412
839
6760
1497
9747
1347
6914
7022
5624
4270
9566
9418
9626
7937
7330
7572
4518
1672
6767
9431
4500
2606
3531
1774
6259
1836
1716
7433
7193
3609
2041
5125
3324
4908
162
5671
124
2328
5798
7742
417
2299
5393
6884
8363
9832
5590
6513
1071
2763
3237
1714
6373
2878
6131
1382
3834
554
9976
4349
648
4334
7772
968
8539
4915
9046
8621
491
5349
5437
1563
3660
3416
7149
1895
5440
7648
4290
2944
4297
188
6911
4046
9555
2
1565
1466
7174
7754
4679
3126
9777
4450
5302
8605
2047
7475
8698
5806
5557
9416
7837
6772
9565
938
3175
9648
4474
5819
8914
3383
1589
8529
1030
195
3276
1694
6587
7060
7659
5151
3443
1541
9753
7932
3860
7680
3138
2311
5862
9269
8942
8593
5771
9511
9951
3442
4559
436
1978
9843
1623
5163
358
9000
8695
7150
4709
4509
4413
7498
870
5490
9800
4826
9327
8250
8527
3897
523
8022
6146
1083
745
3252
5599
7598
5363
8023
5372
4367
8706
8311
6496
8002
3223
456
9884
5110
7524
5843
9658
3519
7214
7523
5989
1553
9182
4469
4769
7053
1785
3344
5019
8779
705
5948
1868
466
6404
8771
8463
489
4746
9377
2557
3603
1583
5445
5956
1327
8769
9836
9481
3624
2126
8270
9955
613
967
9568
280
7125
1551
9837
6921
2058
2391
5559
8839
9461
4098
4976
6683
2107
5513
822
2984
7816
6702
9089
3571
9363
4563
13
2025
5807
5985
4237
2718
1986
626
7510
4004
451
8081
9399
5608
2728
2356
3074
4517
2577
3958
6234
1560
3770
6059
5392
313
841
9092
3604
544
8153
7555
1955
6121
326
3687
9121
4182
6046
272
4801
3988
9726
7784
634
1810
7084
4618
2509
1980
480
7556
7677
1130
4683
274
784
8837
4309
8470
6892
5032
7042
8631
8006
1338
5364
6320
2776
6994
6272
5443
2109
7861
9507
7390
4031
8158
2894
3668
7345
1697
4426
3756
4934
4284
176
9757
5215
7421
224
1923
2931
6487
9222
7924
1239
7497
8623
7153
2964
2897
3622
1395
6379
5619
3728
478
28
6734
2467
4789
402
5345
5304
3553
9740
9469
5803
8254
964
6606
3469
9731
78
9452
3433
3731
3785
7324
485
6991
2635
9391
4078
6354
1370
9704
8171
5954
6937
5066
8382
2197
8909
2570
3159
6327
9248
5277
9369
8728
4754
6429
4419
3288
2096
1138
8957
5826
9638
4516
2374
5129
7126
917
814
4786
4436
1787
1013
7768
9129
5455
6620
26
93
2388
8555
5941
7857
4590
527
8775
6834
429
1058
1693
7805
8639
9364
5903
2330
3998
77
4441
1486
5865
8931
538
2182
674
7788
4648
9264
8018
2110
541
4508
3913
3319
8919
1975
8190
5029
5479
2582
5512
7882
9631
4264
9657
7670
7673
4115
8929
1427
3225
6743
637
8198
7835
3064
66
5888
5742
2932
4128
8508
1933
9594
4273
639
8035
1605
9356
6433
5670
9196
4187
2198
3200
7121
7102
1432
6455
2404
233
6704
4997
1952
9279
8183
8437
1472
8472
8976
7748
3269
5183
4890
642
3689
6511
9340
4066
4790
4544
9408
2054
4539
9902
55
2166
3218
5086
5378
7758
5565
422
9001
7371
8147
4445
8977
3807
9180
1733
4796
2331
367
6795
3796
8560
7927
8089
7035
825
6366
8890
9651
7739
8378
1683
4385
4538
9335
6865
5390
6226
2802
6125
294
7600
8128
3007
5947
1246
2817
7828
8797
2007
8061
8755
9528
6235
7422
6269
1778
5935
5796
717
4147
1796
1373
6441
5370
5407
8155
1706
4430
733
5005
9007
7114
7761
6034
1632
7122
4812
7252
7909
470
5568
6194
9539
6733
4658
253
1574
5845
1207
2604
4121
3381
2440
1178
9424
1686
7553
2280
6905
2695
8946
4370
2508
8299
4475
5689
3003
64
2687
4713
834
4893
2412
7175
7315
9012
9239
5229
8390
6049
6875
2359
990
6473
1484
7850
2337
7462
7863
4964
4220
4179
8632
4418
1139
2131
8079
4808
5290
3102
1937
3131
3626
3483
333
7020
5396
304
8712
4792
7864
2500
4799
5149
5957
5168
2450
2966
6132
7206
4306
6721
792
7264
8056
1175
3633
9835
4210
3716
1987
8668
1928
764
5760
8826
9181
4196
4021
2792
3066
8086
9099
2805
9329
5913
5609
2554
5923
2528
3023
7456
3422
9752
376
1014
3611
4561
495
6666
1620
9468
7866
9994
9618
7106
9029
4472
3086
3535
8635
5868
1040
7726
3226
1526
2827
9735
8468
7431
3631
8142
9751
3387
9235
7169
905
4820
6998
3922
8829
4296
815
1643
1510
6312
8614
5246
9058
7109
246
7620
1627
5130
5158
9437
4655
8401
3172
5102
692
283
6241
4006
4862
9958
3015
4394
6832
3022
6597
1468
3753
4224
6292
6927
5095
3444
8091
2784
5802
6861
9271
6616
1463
2785
5286
328
7563
4520
9489
1509
4711
4433
14
6567
9116
350
1272
901
8159
1501
9601
3000
6311
6962
3948
4449
4487
9105
8980
742
556
9051
1575
3955
5922
7878
4439
3517
8381
3375
2265
820
9368
3936
9136
4751
700
4912
1539
5177
146
5078
8307
1294
8399
7890
615
6464
9537
6673
4345
9283
374
1390
6993
6925
514
5294
8192
317
34
2675
944
1939
4233
2788
2277
5126
6889
1127
1074
568
4448
8232
628
5297
8428
3803
4998
9862
7334
1031
7989
8834
894
2831
8230
9671
7696
8801
39
695
7211
4897
773
3100
9960
6543
8163
1220
6202
8828
8739
7662
6400
5896
9440
4794
8889
2849
2220
180
8729
6431
5362
6159
5852
7191
4677
9381
9223
3777
9141
1122
5096
3038
7945
8264
4218
8526
6737
6896
6901
6777
3407
3325
4124
1801
6934
8121
5652
588
1752
497
6803
5718
7250
1301
617
8492
2610
4722
5534
7127
1369
4326
5794
5713
1830
2343
2088
7561
6950
7480
5478
1260
8943
3784
183
8394
3286
1148
4814
9745
9014
7774
8402
7097
8562
9879
9343
4919
2910
1062
5220
8222
4360
8617
4093
6520
3466
4697
1636
2383
9065
9718
6524
8634
6461
8294
7886
3039
6029
5910
4118
2727
8512
2933
6823
7896
2975
3927
1340
1298
4693
2955
6101
5679
9034
9822
9435
2279
2762
8983
8415
5776
7743
3588
8185
8280
6789
2439
712
9637
7189
6574
329
802
5674
9674
5745
7988
1389
959
4836
7583
9036
2983
829
2204
8690
1123
8865
2937
9442
5640
8823
2846
7229
5537
7488
3245
7632
9932
9769
1927
2488
8847
5533
7709
2626
4948
6578
2493
6973
7785
17
4241
5161
3197
1080
8589
2345
5711
9857
1104
212
6306
6904
6944
7350
9736
6460
9324
3167
8509
368
2140
5769
1216
7335
1720
4315
6231
624
3118
2893
202
5385
9189
6113
5428
8840
7657
150
7929
9543
2547
1383
8787
5516
3529
4009
3405
7922
1861
4260
6004
5439
488
2192
1768
6783
8906
1611
1777
9535
8001
2891
9393
4956
9969
76
73
1006
6845
9225
7778
5063
9839
4344
2232
4203
7750
5506
3783
8643
6166
3309
6481
5141
1961
3694
1644
6672
9894
5753
4014
9586
7092
6201
7501
6946
2233
8181
1682
9042
3962
511
7516
2354
9993
4382
8803
4972
1729
9009
6984
268
4219
9866
16
1740
3307
6257
7934
7402
74
10
4584
6705
4058
9714
4905
3850
1757
455
3951
7737
4507
1914
3285
7949
5124
6148
9285
4623
4083
7341
5339
6083
5519
5039
2086
5593
7336
3744
7944
5268
1516
4214
6409
1397
9026
5461
8924
1133
5420
3741
7403
7624
7256
137
1999
2428
3094
7013
8626
9130
8498
2324
7770
396
5456
1523
6821
9072
94
1990
7184
7874
2686
5476
7704
7372
8493
490
3507
6126
7755
6104
7811
9023
955
2005
5812
6212
583
1610
2427
5211
2380
1811
808
6596
4190
783
3743
4010
3328
3879
7637
3185
5114
5340
4025
1068
3511
3412
1182
6168
6539
5381
6275
6206
1772
8126
5965
6866
1731
2370
860
791
2683
7605
986
5717
9405
3634
5225
4762
1253
536
6592
8697
386
9060
5070
9819
9645
4582
6687
5891
7049
9359
529
245
7459
4154
8323
3561
2239
7441
9246
5833
3986
7116
7285
4131
1527
3616
8751
9949
4674
4163
4393
6558
4240
4095
778
6026
4043
7970
3032
3229
6813
1154
9142
9035
1536
1807
6898
8629
3559
5635
5882
1352
6334
9525
6754
9229
1205
9931
2811
5068
1171
2991
5906
575
4373
3647
9623
2289
5805
3053
1584
2899
360
1050
6167
3005
7275
677
1984
7519
5287
2085
72
6872
3065
509
580
3719
187
2106
1144
1548
3746
8602
9873
1703
6678
171
8987
8730
6457
1199
2996
9818
5384
1764
1460
796
9678
2401
2228
9965
8231
9171
5336
4007
4338
1266
7287
398
2470
4104
8336
6608
6384
7001
5181
4390
7512
3189
8648
8488
7504
9810
4657
6915
5245
939
3865
3644
3330
3008
2006
743
738
6221
5859
5934
7951
7257
7316
7735
2336
9132
446
3263
2444
1893
2798
2883
6179
1915
590
7879
5738
1499
2321
9148
8170
2426
3121
2960
5401
9524
7007
7908
4206
9875
6191
5463
4041
4660
3370
2300
2067
6512
3165
7493
30
2997
4953
2935
116
7645
8295
1489
5778
5104
1656
505
4753
3186
8409
1380
8658
9350
2382
6108
924
8874
2271
1143
798
3367
428
2187
373
1102
5942
7218
4461
8732
8862
577
6097
4586
5960
8387
8013
2350
9909
4381
6388
6428
5863
6486
2521
5175
5470
954
7781
3681
6144
2474
6016
4671
4879
5786
7870
7226
3841
2355
1568
3273
8005
7883
5021
1797
5716
1876
8587
2405
5617
8590
5543
8999
6045
8774
694
6848
7473
1860
99
9313
4707
8790
503
9296
381
5549
3068
1063
4412
4613
6979
4645
1331
5993
2704
6747
6633
277
6114
2386
6674
9098
2545
6507
1949
6882
2004
88
2205
2283
925
2327
8655
8870
4221
2153
2565
8376
8577
5320
5704
2207
8542
5037
5404
8138
582
8932
5853
3805
1738
7152
8267
9755
1749
4377
3892
8456
8944
5510
5460
1824
5793
9459
449
1310
8214
6054
5680
83
1105
9891
9392
6955
3578
2255
2515
3717
2980
9681
980
7133
5343
5970
7596
2592
5703
8223
4358
5597
2670
1234
8519
5084
3342
7678
1504
9425
8334
3697
4589
9490
9073
6149
2091
1742
952
7130
5133
4380
9402
2392
6589
5314
9606
7427
2038
1431
2580
2659
891
3802
3448
1602
3855
6763
7629
9988
8071
6003
2779
1111
2625
3635
3154
5057
5406
3871
2556
8494
3534
8827
6291
3545
9936
6661
1930
2120
3992
7522
3857
8331
9514
5727
3384
4556
8029
3176
5721
4357
6908
4148
5209
9840
4129
2072
1311
1941
1179
6232
9967
9091
9360
2113
1243
3485
5691
4857
6305
4002
2973
7112
8882
7679
9479
1089
2191
5930
7455
6346
6261
2414
9273
5293
4111
6681
2747
2367
8312
3084
8871
7998
4721
8701
204
5484
1935
1330
6850
9308
562
4425
6087
6779
2492
697
2861
2915
2341
8073
8601
5319
6503
8348
8077
2766
5553
4096
5016
3996
6771
3351
3041
1886
169
2968
3997
2729
2881
5576
2475
9331
7135
5365
9921
7917
7272
3708
7779
852
4455
7181
356
8766
9040
9232
2325
4446
8762
2000
7124
7329
7000
4555
9499
5980
7461
6478
1953
8179
2297
1500
2717
8873
8046
8388
8525
1723
7899
8923
5022
635
2332
8315
5282
9325
6053
9567
1019
2809
7579
5591
3220
3704
7208
6653
1791
3889
5706
3925
8675
4023
7571
4332
8339
8894
8683
2860
5904
7236
2736
154
2951
5988
9484
3506
7690
2147
3362
3599
7649
1038
2854
3594
8949
530
3576
735
9880
1421
9209
8285
1974
5199
6758
7289
48
7205
8042
9145
1016
7823
1945
5300
6047
8454
7163
4353
4262
281
3524
8440
4728
2529
2591
5895
4168
7140
2890
8875
9473
1870
7483
4701
4438
6682
9119
862
1804
8910
5062
8134
7446
1329
5569
4850
8296
6703
9396
5405
4248
2541
4460
5659
5160
3725
3562
1293
2749
5132
1609
79
6571
3077
8419
1863
3878
8122
4924
7041
507
5629
1795
5815
6607
475
2195
2603
9908
6119
6648
3477
9111
7297
5755
4146
2706
3029
2716
1900
8860
8556
9388
2316
5811
3597
1885
6952
3283
4664
9258
6968
3831
4547
3026
5475
8979
908
7747
3755
8971
8814
7057
9505
8229
6642
7470
5221
6107
6917
6820
5040
4396
3292
8689
266
149
1132
260
2310
3906
1970
8854
2633
6824
62
846
7309
7839
8110
7725
5620
8899
9602
9414
3921
8036
4447
1228
3277
4484
1282
619
9076
5352
1965
8523
7322
957
4686
2845
2981
4993
8867
6143
8175
7435
7051
2561
5648
8210
6826
4936
5247
3313
242
6185
4644
750
7294
7361
2527
1251
2532
993
2491
5991
9574
9589
4130
172
5379
8517
8612
3461
3216
2965
2061
5937
2863
3452
4153
8082
483
6488
3393
9372
5367
3297
63
976
8900
5235
4710
372
3918
8928
9868
4457
5979
945
1753
6229
3814
232
5772
3765
5198
2227
2243
7829
2164
7247
6817
6351
4018
8750
1036
8833
3516
9887
8118
7327
316
346
7898
4331
351
9114
3713
6128
6802
5684
8474
432
8398
4766
1435
7674
427
3287
606
5690
7047
6484
6188
1613
7203
7006
7216
8969
3266
5069
586
1328
1399
7790
3171
7825
7081
7968
9
9155
5028
3278
6370
5665
8737
5348
2840
8266
3555
5004
7952
98
8754
9841
7554
2278
2506
9432
1799
6118
5418
2029
23
7541
8887
6502
3302
7368
8011
8559
8567
7641
2886
646
6723
1315
3491
6967
962
3664
3130
4631
9813
7412
7389
2173
1426
7089
6970
2986
3859
9720
3212
563
828
9326
3579
6518
1485
2859
3013
1957
8722
884
3018
7777
4868
86
8421
35
7306
3721
5522
4637
5061
1257
3499
3343
7689
5452
1780
3670
9241
6718
4101
7183
7394
880
8208
4869
2270
3134
4135
6997
2923
7210
6039
8576
6809
4229
2653
9760
2417
1855
1429
6420
2384
8447
87
9630
3800
6183
6203
8965
8344
4939
4599
1805
951
3481
1163
2342
7346
7254
2918
8186
2285
3241
1724
5586
794
6765
4900
1258
8434
1881
8098
8302
3316
8903
2864
1237
1305
9147
3294
7623
4440
301
3240
4700
785
7356
4016
1951
4730
1061
8203
6893
3421
2758
7221
1843
4932
5083
1321
7728
2019
1217
1364
9569
6082
4068
1085
6694
3515
1453
732
4400
763
845
5089
4529
2655
4524
8487
7518
4403
3366
7198
2927
5744
8861
4001
3673
9620
4411
8337
4285
2710
3201
5194
2636
8597
9850
7489
7338
6313
9829
6903
4541
6033
6008
3110
3652
2531
6692
2189
3230
5705
2857
653
7239
4375
2609
6623
1569
2181
8117
6559
1904
8901
3312
1889
3678
7078
1236
9138
2008
6044
9532
2150
1020
7630
2010
8645
2977
7551
1161
4427
8550
6855
4781
1907
7296
698
6358
9361
2810
3799
4579
5874
36
958
3456
1972
1495
1259
3360
9342
2940
7580
7515
4678
6534
1784
291
5693
1604
7088
1691
2183
2362
4150
7798
4258
7043
1150
2036
8845
3509
6088
5291
883
126
5939
1508
4743
3311
3819
4188
7923
2060
4255
9849
5733
5788
9611
7921
2947
9699
5835
9373
1671
9689
4217
5012
4830
1398
9083
3686
5861
494
113
3600
8947
6957
4844
5077
5763
803
3500
6717
2752
7910
7980
2641
682
5195
7303
9739
2976
3142
5253
2620
1235
6501
3248
1168
173
3140
7023
1515
8028
6265
4842
2793
7423
676
2093
8972
9412
6106
8316
3379
7526
6236
8220
686
889
2479
340
1126
7145
4593
4189
937
9660
3028
7732
431
4064
303
3318
7146
1988
1233
4039
2576
6960
3490
5502
4550
767
5481
9422
2731
3011
8718
8628
5905
1406
2055
4158
9732
1960
6276
949
9016
3985
8997
3355
4765
1853
1877
1963
7074
7407
1498
3979
6430
6951
9790
2755
5638
6773
5193
9655
8197
2646
4601
7064
5222
9260
8283
7068
1483
9997
4191
4145
9493
8009
4739
6040
8365
7302
7224
4195
3271
1342
6978
6150
605
2231
578
1530
6363
6254
5315
6491
3348
3228
3518
5075
6074
6602
2812
6250
3153
6462
5346
6750
375
2639
3575
4204
1129
3376
7663
4779
6831
8926
9703
9086
5824
9767
4785
194
3637
1744
3798
2733
8927
7942
4643
9940
7597
8233
8974
8738
484
4681
7846
3866
6245
2196
6659
9415
4551
2703
1021
4570
3359
9071
4328
909
7888
5255
3833
448
405
4320
7376
7436
3334
3705
4540
231
7599
3525
7307
5598
8384
8578
7895
9614
6956
3854
2185
8455
8665
6369
4075
5831
3231
9483
6647
130
9867
243
8806
6923
7164
5369
2051
8324
5080
4933
1948
3946
4180
1687
9662
95
4708
1349
5261
920
5093
1630
5137
7235
2836
9871
5696
7104
7479
4097
8045
3095
7626
761
1110
9996
1200
1674
2056
6277
1834
8653
1838
2465
2875
4499
3081
9394
4567
3896
8825
1381
7960
9641
1922
5471
2308
5279
9213
9607
7207
1211
5740
2230
3573
8703
5200
7986
4863
1950
1108
3295
3496
7652
1917
1655
3282
2160
2715
525
1894
3677
2709
1317
9823
545
6972
4837
9030
9156
4981
5869
912
5350
8565
1428
7885
537
3060
5669
9367
1633
1212
3718
630
6086
2420
8259
5658
1619
1528
3667
8346
332
900
6637
9134
5746
145
1348
8084
6072
7337
6864
7136
1410
9766
4659
7853
2326
7635
4176
3526
1800
5027
2250
8476
5972
8466
7486
4675
4889
9207
2309
3876
4652
1067
3002
999
2411
2001
8085
7994
8172
7615
8692
7531
4955
5558
5574
2835
1634
2941
4074
2125
1981
9619
193
4665
9742
4656
2045
9231
3593
2583
8205
5499
7080
6954
9617
1247
1631
4716
9362
240
7355
5504
1670
5179
7607
8483
5494
8219
2929
9206
8041
4864
9785
9685
8450
7249
7160
1261
1653
9162
6807
6730
2916
7749
2108
3684
4207
3347
1296
5834
7815
450
1292
4690
936
3812
9975
5351
4177
5150
5967
8063
6450
7414
4161
8139
6187
1533
6172
661
7442
7714
940
932
6992
1277
6494
7270
9341
1556
7869
4252
8469
3453
2801
2473
4388
9066
1204
3471
807
3806
6105
8884
348
265
463
3353
564
5692
5783
6498
7634
3372
8345
6819
442
8076
9730
9956
6456
1821
8438
6525
1481
8499
8541
5023
5728
6412
3939
2954
7865
6300
1761
4256
3055
2246
57
8293
9346
6319
6629
2546
9154
3063
7481
1419
122
6248
1612
1826
4736
6279
6538
170
9298
4959
