10000
5837
8673
517
2969
1800
7099
968
2087
8131
920
7269
6170
2790
2206
6347
6208
4756
3038
5964
5753
9745
8301
8909
4541
96
7195
3262
106
3107
9982
9893
4056
7588
9774
8731
3605
2416
4482
5009
6920
400
7247
721
8334
7547
5761
3269
454
5223
7222
7885
6664
7408
535
6557
3425
4998
641
2331
131
880
9597
4089
2213
3863
2805
4895
2475
3370
4058
4437
5480
4942
1041
2401
3769
5113
2974
1876
5603
6239
9136
2536
2561
2351
4938
2928
6943
4529
3286
7843
3296
7152
9963
5339
5103
354
9283
5854
4601
427
5272
5522
8282
9290
9101
3012
2244
4336
4804
4876
213
8548
9100
2156
786
7170
4361
356
8845
3954
1797
4987
1902
7848
5568
1323
3486
1528
7555
7123
101
6137
8769
2502
2544
5390
2688
7824
5080
3894
6002
7290
6544
250
9889
7352
3115
9678
8614
4536
1914
4670
3346
9796
6192
5850
7701
5987
6509
5796
3390
5803
3790
5187
9276
4770
6966
5890
6128
1221
8816
3192
4588
4264
1610
4367
1556
2356
9662
5446
3298
1039
3429
7595
6558
8607
5318
1351
1899
3018
262
768
4206
3271
2628
8706
6249
5092
3154
5083
6066
5826
9832
7891
2890
8271
7093
6923
161
2322
9004
919
7736
3048
7136
7894
6866
2391
4252
2540
4877
1037
2386
614
3026
5977
4366
8748
1437
1996
5927
8859
1905
5165
3598
9400
5608
5293
7713
2812
6254
1387
7168
8761
3827
5957
5199
906
7450
5119
1365
2521
4696
9570
1546
1129
7867
6060
7406
2501
5392
3162
4766
5026
5726
82
1078
139
5344
3055
5447
6465
6445
3883
4997
1142
3447
1952
7944
767
443
2425
6508
5024
5076
1840
7005
7844
3239
5634
7654
6619
5585
5663
2568
5478
1340
2794
7860
5167
1341
8984
9974
302
434
8447
6521
1651
1476
649
9833
9989
170
7471
9569
8295
7317
6168
8254
6213
5424
2902
1119
9115
2308
3865
6007
24
4289
5260
329
1252
5373
8838
2384
4493
8662
2925
5057
1251
1692
7237
265
3875
2828
7015
5123
7383
2768
8943
7017
8659
5434
7186
7915
457
6358
1324
8907
5868
553
526
4188
1779
8400
5501
8404
4848
5014
5117
4331
5040
4019
3132
1014
9090
5754
626
9016
5945
7536
2160
2991
2176
1105
6187
4789
9566
9551
6352
1443
3268
4561
7839
6408
8185
3062
9544
5363
1415
3765
8204
7145
5112
9402
4207
8961
5394
4464
5011
8091
7969
7040
5360
9407
6063
4294
5335
9289
5848
4607
4735
4743
8219
4706
9612
7748
3581
8719
8794
4055
5981
9946
1710
2200
2720
4590
8290
2709
4048
349
5372
2363
3418
2652
2462
6215
7997
4834
8904
6863
8878
2220
3073
1874
8577
6945
3956
4950
2734
4705
9192
9582
1165
6023
521
7297
4060
3988
8700
7935
4542
9433
168
2514
4773
6270
1280
9211
738
294
634
4489
1137
6849
9507
3702
9859
8504
2053
5213
8105
6935
1789
925
6102
8346
9867
4486
6856
5909
5396
2428
3762
8518
9858
2274
7279
8176
9926
6649
107
3355
7200
3812
6775
1396
3101
1704
5209
903
6351
6302
8892
6229
7641
4774
426
410
4699
4692
9381
6005
9577
6068
9987
9838
4805
3141
8585
8003
6666
9638
7879
3358
6537
7264
7792
8148
9714
1036
4402
9305
6125
7426
7000
2290
1092
7409
9485
5711
3217
3236
5280
4525
4302
7892
3578
6403
6750
7341
3016
758
350
1657
2537
1916
4676
6441
9259
3007
7357
7113
2763
8010
1611
858
1044
2099
2266
1065
2814
5041
8657
4021
6323
6171
1469
2632
128
1451
4408
3385
3734
573
9198
7360
419
3407
3046
7063
5007
2964
4833
9486
1405
8145
1954
5259
4255
2421
230
1577
5240
5336
6741
7083
1680
4000
8505
1518
4669
6339
5864
8832
5537
3759
8076
2441
8398
8780
6104
2179
3767
2318
6426
5986
9716
8683
957
2490
6559
8129
1994
8655
5561
8608
4719
8161
8755
6778
9270
2824
1583
289
2838
9154
3693
9089
465
5256
8173
8781
2393
4074
7462
4443
499
1750
3696
2506
20
5538
5980
179
7576
5465
1472
4962
1724
7146
8860
8654
8789
1958
9960
5997
2365
3071
1169
2904
8768
4883
857
5237
5878
7952
279
2672
6584
692
7799
9065
7177
6237
2808
7602
5093
3206
3044
800
9261
685
855
6069
1955
6354
1716
8868
9172
2943
3668
4164
1086
2590
2336
7051
1543
138
1360
242
9800
1147
9749
4772
6953
2752
358
4118
4961
2533
5190
9828
3335
6622
1149
3427
9805
6569
9861
8603
8272
1670
9204
8420
4648
4085
6641
3905
7882
333
2167
2111
6980
7446
2163
3155
9754
8800
6186
3167
2597
2212
3862
9182
9059
5947
7648
4906
574
6498
7876
1719
3990
4995
7597
5661
7596
4203
2548
1224
72
5059
3643
8039
790
4922
239
6217
2011
6665
6087
3508
5030
1986
4551
654
1819
9599
4936
9379
3975
3489
4471
348
8753
3211
2403
749
6246
6331
708
1720
55
3847
579
6989
3027
9943
6022
6762
3789
8485
8358
379
9674
240
5423
8685
7862
8357
1919
8132
8177
7396
2171
4574
943
2291
580
8729
9295
1804
3008
6474
2194
2580
2298
6898
3588
1467
3491
6252
8749
4791
6013
7743
2438
4641
5393
9664
3798
9447
255
1756
2136
3910
2841
3327
2663
9086
1597
2783
3840
120
1162
2852
6796
7392
7901
7955
557
8426
7994
8874
989
6605
6561
1531
7927
4444
4078
5106
1339
9941
4383
8530
9044
684
4167
269
267
3333
2725
34
7344
4393
8101
6582
2098
6655
1354
9035
2424
3383
7945
8871
3585
3320
1855
5834
3637
8584
586
4860
8386
6278
9565
3780
9325
8267
741
1503
4049
3620
6761
2378
5717
3684
7917
2516
4062
1918
2933
6832
7946
7425
8809
2472
4095
2894
6110
5075
9120
2804
8054
4440
7072
3719
3796
290
8193
9039
2770
3361
9586
5369
2193
7097
3336
6385
6574
9125
4548
9098
5029
1109
3367
4270
1699
6637
6235
1220
5005
9213
5266
7398
4580
4013
9952
9079
6621
9675
2491
6375
7592
2922
1373
3074
5361
5205
5714
205
6714
1744
4837
1213
3045
1238
2487
3445
4937
1755
5287
950
4809
6733
3297
7976
9143
5207
1573
9073
1202
2420
8344
5193
7348
734
7775
5942
2236
1641
785
5648
6067
6663
7488
3004
6894
4866
7542
7718
9720
5553
833
8852
8898
1664
2185
6780
2341
1453
7242
4401
8483
8925
6490
4279
6781
4908
8253
7531
3964
3667
3404
5183
6958
4914
8690
9874
8457
69
7482
2503
7276
922
2003
5139
8310
9138
6359
5304
2840
2938
4523
1630
431
8151
2525
2166
3148
2300
5109
3531
8363
4604
5748
8038
8349
3143
4626
4286
666
6105
320
2202
7999
7535
7299
6148
6175
335
5550
1298
9803
460
2358
4422
3631
6271
1416
3042
6305
4073
6267
6875
7262
2481
9281
4720
6938
4432
318
4192
8074
7581
407
4365
7108
4235
7816
5466
7502
8863
3219
3095
221
386
7829
1658
6543
9028
7617
4594
1532
9730
7407
8438
2817
2855
5792
998
6713
207
6437
4011
9517
3613
8221
8966
3165
737
7150
4650
463
1215
8831
7386
9080
6991
7342
5120
3467
6330
396
6489
5477
7239
1032
9886
8998
805
7080
5672
4436
8102
3177
1066
3129
9627
2545
7598
9337
1947
4362
8711
4563
2829
6576
6905
4075
5653
7014
9930
180
4120
3196
5022
3526
3085
9857
1832
9976
9578
7138
8199
5835
8285
8247
1161
6367
6564
6454
1956
6291
2765
8025
268
8314
9191
938
7224
4910
4017
5055
9751
945
2975
7458
9397
420
1809
6737
994
6058
6944
789
6040
9178
8008
4619
7760
1619
3927
727
7483
7397
890
2657
1594
3732
3939
9736
2786
4442
2605
9710
8377
8287
9342
6008
6162
7253
6309
7423
8983
5114
4321
5592
5201
2593
4527
8236
7486
7012
3628
812
4012
5565
6383
8650
7921
7850
9981
8641
8433
7173
38
5019
5773
7981
7016
8772
2374
5220
7744
675
9057
5296
2388
6159
6296
328
7809
6090
9957
476
9288
4556
9047
3254
5765
3417
4231
832
3776
9293
6632
2273
4891
7158
9103
2493
9313
9338
5771
9630
2993
706
308
8752
3137
3499
1760
3639
2989
7311
4319
158
9726
7320
3408
1838
4865
1087
6542
3478
6065
9502
7556
3475
6511
4841
5481
9329
1057
2412
1691
2732
2660
7353
8150
451
3622
9018
6607
8696
2861
3080
4578
2802
9721
149
3330
3347
1668
5452
3380
1330
8599
5995
7772
5091
3572
8362
3484
4101
1542
8568
7399
2558
6771
1935
7043
6853
4742
4435
2018
9489
7890
9709
616
7132
3302
9218
7924
5420
7229
8552
9897
7387
3363
9850
6533
2105
5246
8941
8428
6277
4193
9248
5888
3189
2666
9572
8056
762
9051
9779
405
2242
2881
6670
2371
6
9585
2669
8050
9932
6614
9096
7438
9189
5985
4924
629
4682
6977
1180
662
8720
4753
3035
777
9380
5419
6161
679
9332
6992
247
1060
6335
8466
1782
3576
433
2847
9614
2104
6275
3102
4638
1813
5273
6167
2947
8839
6190
307
4659
9535
4512
804
8969
3535
8002
3912
7415
4799
9202
3652
2715
4384
8044
5795
9814
1116
9469
3918
1771
1988
8712
9017
635
2139
5354
4232
8325
1084
5769
8274
2509
6311
8397
6514
8996
488
969
9988
5847
2703
6164
9297
4119
3663
49
455
8418
3309
2061
9109
5810
1617
1470
6736
368
2110
9323
8664
5751
9558
5211
91
7734
775
3201
4143
1366
1859
6391
4543
608
1164
995
6862
5294
8049
4808
1196
6360
5285
1184
2743
5451
6152
9038
8930
2084
7371
8509
68
1134
484
4064
9333
5670
9303
2306
6406
4513
210
6420
2149
6203
220
6722
2076
4616
3806
4047
3891
976
2882
2585
8610
2995
3466
9049
7384
9781
990
6052
5588
1501
7131
9877
8279
4077
820
4569
9242
5928
9771
1637
7105
9994
5674
6149
6908
9371
6338
1982
1132
3174
9466
3399
2208
8797
6146
9707
323
8393
4340
5688
6884
1775
1454
7896
1111
9862
6467
5972
4094
8217
458
1612
726
7661
6613
9450
4880
7070
5924
6600
5153
9345
8352
73
8844
4653
2519
4288
8540
7512
2884
1517
2258
795
4425
4899
6423
2586
8040
4407
4703
6960
5479
9234
7932
687
6671
8335
9284
9105
2574
6932
157
9249
2143
7612
5028
6223
6764
5696
7129
9225
1172
1068
1747
1507
7753
827
2126
2547
577
3328
4209
121
4704
6121
9579
7225
7513
7936
5219
144
4932
4888
3081
1957
739
1707
9048
2809
4589
222
4575
3317
3186
5403
1052
6530
6580
5385
3365
6085
3717
2625
4531
2866
2082
4786
3157
7049
6885
5448
6897
7996
2569
5133
7286
9836
9587
6376
8233
7768
891
8048
3720
8242
6827
6684
5515
4685
2662
5377
9541
1523
399
688
7633
887
6817
5231
2381
6392
3917
4668
3463
3082
2190
7142
5712
1862
8866
1674
7495
1045
1604
5840
9705
6803
863
5556
8917
4617
2798
2056
6218
2546
1386
8022
3294
3066
9356
4139
8971
79
1126
4832
6535
4003
8468
8240
6368
2900
7026
8065
5882
755
2168
5938
5108
3836
7028
3397
464
7703
3448
8333
50
6583
4370
7192
4322
663
2482
97
7651
2373
3160
3289
806
4775
7412
3889
3442
4022
4353
710
5738
6047
9691
2154
3539
3674
3245
6725
5131
9530
982
6881
1659
7783
6965
392
7537
4929
5768
6900
8990
9516
4152
9937
2228
143
5676
8137
3255
4986
3279
6071
1275
549
8622
1422
2624
3453
4688
746
7174
4940
6552
810
9384
5787
5386
3089
8627
292
5879
3225
5813
8977
9923
7198
401
9818
3244
742
3122
1626
5781
4630
3603
2463
6555
7982
8802
4584
3293
3713
9955
211
3147
9882
1593
7125
1582
2456
4014
646
3708
248
4614
425
3510
9670
6697
5823
9528
1679
2077
9253
61
8225
9791
9548
7858
8084
2065
9166
5069
8967
6346
293
8207
4515
6196
8740
6617
981
3867
6676
6860
6264
5484
6657
4175
184
4901
3488
5631
8616
5723
4320
4041
5555
5192
4026
4644
496
822
9813
4724
7521
4806
4182
8865
2889
1247
3982
6401
2455
3808
3131
8476
3492
1005
2092
8053
6785
7332
3784
1970
3926
3208
7439
6478
8580
5591
3354
7979
28
3188
1806
286
2957
6978
4355
980
2581
5877
5137
9984
261
7465
8669
7523
4595
9622
6413
3373
3318
5815
838
6626
4238
8489
1684
3922
7557
7905
1590
9870
185
7606
6075
1849
1976
9554
6721
9822
594
9370
2677
1605
4500
3797
2052
3673
4205
7906
6877
2292
2
159
2211
2006
2465
1662
1024
8095
5870
1585
7806
8812
4020
5680
2096
9023
154
5255
824
9669
7780
8846
3159
3256
6479
1564
1018
2169
9043
3731
7664
3290
6519
9938
7789
6604
2186
5579
1176
2679
8821
6378
5043
8692
4155
6484
4504
2410
7104
7589
713
9561
7422
6206
4664
4771
6041
2885
1759
8029
1283
2779
7075
4224
1913
4878
8890
1099
9742
5667
2687
9054
1223
8734
6387
8798
2988
9210
6972
1389
5600
7810
8222
4737
7807
1729
5226
9549
1243
5374
1504
1697
5089
4066
2700
9279
6711
7228
6268
6769
7252
5595
2399
2287
6440
9518
2345
5548
3231
1234
490
4377
9806
6241
3841
2138
477
8491
4534
902
6773
1207
6173
3536
1695
3858
474
1317
3997
6259
9142
8949
6396
6342
7044
5643
519
1786
6361
231
1972
2320
9127
6176
3725
8862
2629
7567
1337
8713
5010
2961
9434
27
8013
4871
7057
8633
2270
8184
9819
397
2594
504
6998
1445
6123
2980
2788
5370
6266
1796
3000
4128
3343
8143
5994
6789
1135
9030
6333
2276
2972
3778
4853
1733
8578
2599
8512
8423
2859
7494
7185
584
2174
7336
9626
966
9983
5895
4643
5062
1881
1884
3854
3067
5421
7721
2691
384
5101
9358
1997
9688
1401
8679
4042
5633
6398
7188
8111
1883
6032
5683
9992
1397
4311
4219
1113
7496
3193
6844
9175
3341
9453
1191
8723
6135
7393
6839
1696
3379
1229
2122
7487
2550
962
1903
8066
243
8987
2517
4731
7064
2924
2994
6872
9802
3736
5908
9852
4984
2376
452
6316
8918
1040
7761
4335
5242
8795
2317
5493
1929
2708
2333
8559
9298
2784
8463
1028
5846
3583
9324
9416
1962
90
5704
3864
4639
8562
2591
263
8856
6166
2178
251
7382
322
5306
944
5526
275
8300
6446
8424
9592
2587
5422
9228
1016
1019
3376
2522
2923
9580
9891
7819
4093
2422
2538
1688
5794
4508
3512
7831
2693
9772
4186
8072
4894
7210
9071
1566
1047
1822
898
1074
19
1455
5827
3168
8757
4608
3537
3369
8035
5504
7875
3444
9969
6539
3740
1127
8682
3831
8216
2834
4905
8804
3747
7782
6517
3866
7220
5922
8257
9829
1698
1085
6869
9894
8228
893
3451
8835
1185
8532
2827
6876
6636
3902
216
9536
5596
3414
3287
1740
5620
6748
6393
341
4465
5275
1203
1388
1246
1860
5208
344
9254
305
2229
5224
600
5110
7578
2230
5198
4526
8123
9750
8099
7957
234
9913
2879
3738
508
1907
3746
5950
9780
2315
4163
5099
5295
7585
8406
1748
8004
2617
3142
7058
7763
1613
5807
8721
7366
1689
3339
5971
3172
1183
9706
2740
884
5923
9108
2127
1974
9919
6463
7420
3156
1104
8575
7073
5410
623
6809
2942
7712
4031
5315
5388
9010
5570
5454
3179
4308
1345
439
8078
1928
4690
3710
2030
8902
6276
7943
1652
6230
750
6659
6448
9001
4524
4730
859
9159
2797
4945
8524
7402
6596
6303
5202
8643
7340
7296
10
2508
9547
1942
5358
9765
3935
108
3748
5959
6435
5100
2192
6313
6848
8174
9351
617
2366
2562
6592
5946
8311
4540
4454
3601
5812
436
7084
582
3577
100
23
7739
8070
9114
5564
5863
3011
2197
485
8477
4032
6094
9718
5305
5611
3410
1681
4490
7767
4104
7528
9341
3987
1547
3386
5715
3635
2485
5453
9392
202
2921
6274
5087
2002
8371
9330
6127
9841
5777
7769
5632
6593
6810
3735
2638
6983
8231
5070
5896
1538
7616
1015
9979
1529
3777
2085
9315
1574
7053
7532
9977
7956
841
2016
9607
9348
3811
4941
3597
3507
5593
4273
3306
5589
447
7765
8716
3529
4898
2560
3556
4495
1334
7112
3384
9723
5817
5774
1783
1622
4433
39
1870
6095
516
8593
3552
3232
2142
482
8112
6719
1537
7385
9738
2893
1618
6703
7679
2512
9633
8582
3923
7626
6397
6416
2301
353
8645
6180
8093
3040
1768
5118
3013
952
1073
3942
9873
4382
6553
1909
9277
1805
5411
6384
5416
8566
1944
1826
1592
2694
4025
9403
717
2093
9505
5582
3514
4820
4958
3844
3799
5455
493
2857
4233
8644
7255
9394
2488
4918
9997
9967
8141
4628
8021
2645
2909
3707
2616
6658
4890
9455
6017
339
3144
1368
4185
7855
4728
5000
7524
4039
6336
7975
6290
1274
1841
5281
5599
9294
8313
1249
6295
5088
8957
5566
591
5150
1277
5604
911
8726
955
95
3352
9694
5494
4579
9179
1107
3146
7572
3959
4356
7950
7985
5328
7574
1644
9107
8736
5235
3904
9961
9360
8883
7330
3362
1726
5333
7745
2967
7111
2432
3124
9363
9268
8292
7395
6934
4
208
3617
3393
5430
9557
5966
9223
1378
2091
7754
8583
9663
2710
4250
604
5721
9117
3742
4779
9002
3691
7866
2910
8827
4372
2649
5973
2288
8172
9282
5175
799
36
921
6236
4125
2080
4276
4585
9062
7025
1179
8182
3187
7919
278
4201
7410
5734
2020
3053
7729
4577
9081
1761
5702
2623
9601
1342
4124
5323
2283
7217
2916
3127
2915
8469
1034
934
7737
3817
735
89
395
7720
7755
8661
9256
3301
6288
7356
7785
3218
7998
4538
4522
6438
8550
9645
9291
4457
9835
3805
6585
8702
3842
18
5906
9753
9132
8155
8443
2415
4838
8291
2686
12
2155
9676
6660
4234
7434
1406
1204
4656
678
888
3139
6374
8351
2999
8201
1466
7107
8407
9611
4065
336
8262
1287
3925
7326
7457
8060
2607
6995
8306
192
1831
2068
7583
2223
1492
8623
5171
6294
3310
3676
2181
2106
2272
4911
7085
8527
5444
2001
8775
7405
5925
9922
4615
3729
8954
1650
1508
848
4061
1027
3349
5682
8326
7983
6858
6531
4835
8197
8500
6285
9396
260
8496
9784
3881
6272
5572
3111
754
5673
8929
2745
4796
8680
2500
3405
9872
1609
6053
633
9029
6499
5184
156
6019
9300
2411
879
9148
2044
1067
2334
501
387
8738
2639
8195
9902
2222
4223
9671
383
4893
1904
5081
2271
2137
1303
1424
3657
9237
4597
8564
6918
3920
2775
7060
4406
7682
2886
5902
1219
3542
5197
418
815
1527
8640
5176
4813
6925
2339
3818
5203
1230
5677
6857
4156
3648
2494
8848
7865
1713
5705
9021
3897
187
4375
1839
1031
9603
8178
2385
659
4969
1439
9355
7417
2355
8634
9732
5701
9449
3049
470
1083
1093
4151
9498
4817
6082
5140
4178
9037
6476
1708
6861
8017
3936
882
9274
9768
3972
8122
371
3662
5760
7747
821
6034
7741
1003
9126
7670
1788
610
3
4861
1070
2390
1634
1887
4040
5626
6106
6597
1100
5709
8558
5880
8241
3623
3495
1488
1672
4006
8744
2304
6758
2950
1269
6921
563
5636
7549
1846
983
7287
398
3246
1676
7954
3948
6692
4010
5170
1550
3396
8963
4262
6029
5686
2207
3258
4636
2426
4869
281
2936
3753
4499
927
9523
2191
4035
8234
7560
3557
3032
5236
552
703
6337
9094
6207
2759
3274
1803
1666
3898
6825
3511
5215
7178
2758
7538
1355
6914
5488
6030
4301
2807
352
9239
9451
146
1026
8281
7364
1226
1524
6654
6046
2931
6133
4870
3378
2891
6886
3633
4506
8922
3835
421
9881
8361
7988
2269
6528
8508
3099
2235
1166
3599
7642
3118
6882
763
5822
1444
909
2148
5552
6792
8632
3021
372
1795
3887
3534
3600
8850
8567
148
4915
1920
1426
498
9970
3943
1791
9077
276
7452
6315
5963
8036
1245
8732
9233
4603
8224
6262
7870
9679
1498
6411
1457
5512
6895
295
964
1338
8553
7846
1675
6854
1197
5821
6341
8071
9904
6226
8012
5409
7685
8126
7010
788
6157
7893
1829
6524
6994
2728
475
619
7365
2863
1885
1817
9939
7977
1379
807
1053
1653
5216
6646
9944
7933
4762
2996
8931
3686
8993
8514
8560
5278
2603
453
9250
2203
5519
4260
7726
7219
4634
6786
6874
7593
7658
988
987
5408
4424
124
1106
7039
9715
2312
3760
4732
6744
9091
9374
2348
8454
9448
5992
4081
2958
2037
3436
5749
1725
1730
9931
992
798
1449
8762
6201
2261
8425
4126
8429
9304
4226
7087
2480
6319
2631
2771
6565
8107
3176
8819
7484
252
9344
1319
4100
1227
9183
9069
1267
4357
801
7689
4587
7270
9746
5681
3957
5567
3689
2434
932
8230
3119
4990
6648
321
7431
9031
4824
4212
7077
837
4568
6472
2867
9082
8687
9500
8724
5320
423
4843
1853
8367
8507
7740
3664
3593
2742
6968
567
913
1766
4647
2815
1301
4009
5783
5063
8710
5646
9005
7447
5766
7306
8879
448
7803
1908
3295
3837
9026
2527
1146
7004
9443
3929
2377
505
3315
7052
7618
9562
1432
3575
6216
1643
1076
8169
8668
2036
8024
1383
8746
3024
4122
2664
9158
8537
603
1894
3996
3813
2578
5948
9575
6686
7213
2749
5221
3238
1206
8092
110
147
428
8319
9423
174
5349
283
3130
615
2478
3121
4994
7074
4034
381
8814
9008
4518
537
4562
7248
3077
3744
6888
7118
636
1236
6673
109
7284
773
2284
172
6677
2803
2004
3993
9743
5462
9794
4976
1512
4242
340
3136
2251
7006
4409
3387
188
113
3389
5744
6412
7781
6143
5546
4352
8307
817
587
4873
9783
1364
6779
8586
7991
1615
1953
3036
6363
8479
1468
5707
5018
6566
3650
1856
3235
4455
1820
1821
2864
503
6165
3981
3589
1857
865
9892
8119
8304
5042
9584
3175
4790
2822
6253
7968
4038
9534
1299
6984
3084
1381
1712
9757
5366
9636
5845
4142
2231
4420
7719
7749
4491
2439
4606
2129
655
2199
3683
1035
2539
1296
3574
770
905
3761
1335
2754
2436
6402
3278
4272
4896
7295
8790
2172
765
9265
6955
7687
6088
3502
5128
8248
4567
6801
7190
5757
9665
4917
4904
1555
2644
3371
1607
6269
1233
9070
7404
4544
7845
1985
7161
6084
9830
9216
9929
9677
4291
9302
5903
8068
9940
9441
7249
5232
6488
7565
382
5866
5532
8378
380
8948
8064
7878
3345
3876
7065
8394
2748
6460
9600
941
7307
1125
7047
8808
9478
9481
2060
155
4882
8452
8124
9052
7888
779
7221
1700
6224
9522
520
2094
6767
8946
869
1295
6366
7909
1851
1632
2446
5441
2737
6859
6145
6468
1474
9078
7202
4256
2907
7319
8601
8854
6462
388
3562
2769
9741
4758
7758
3546
3368
5279
1934
9102
3360
8103
7692
1812
6922
5577
7134
3712
7101
8336
7695
1372
2630
4598
5248
2868
2773
576
7019
1163
4313
5719
1276
5668
7671
6405
8646
2883
2912
9725
2042
9385
6963
8079
6695
9428
1155
7490
8478
8402
3820
860
5178
8901
4090
4686
851
9809
6588
1794
2553
8906
910
4510
8037
4312
8350
5857
831
2054
9973
1993
761
1262
6906
6256
2035
1237
1361
4887
4265
9693
7709
985
5605
8905
671
7961
4624
1866
5742
466
2038
7727
5755
9511
4327
547
7928
8666
2618
9238
627
2701
1413
4889
7691
1433
9196
3515
4846
4181
1893
6263
3950
9660
4660
8354
5968
2286
3283
1097
2326
7259
5343
8171
2604
5008
3624
6300
2576
3438
80
8158
8921
6120
9653
4429
4794
4145
135
3509
7033
2000
4710
8667
6153
639
7441
7814
7923
8051
9292
4082
4300
2727
3656
7029
2531
9273
6103
1654
4397
132
9180
8787
1438
3896
6101
6028
2998
9331
2826
9480
1567
6712
2396
1254
7918
5998
376
6064
4605
6018
6456
8959
8989
7389
1200
9823
9506
3595
8619
6961
5907
209
6205
7149
6332
1023
6599
7684
5789
5960
731
4812
9869
8206
4979
7308
5989
8953
5911
2458
8416
1029
7518
6027
191
4815
6163
3688
6633
6852
6694
5067
1847
3890
2050
4550
186
7622
2313
5708
7292
4154
2606
4419
1153
5869
2595
8823
8422
3435
226
4777
3646
1502
2198
9459
8277
5782
2858
967
8538
2497
736
794
2398
3850
9744
1868
2240
4654
4547
2526
4267
9514
3618
9933
9778
8191
3322
8015
4394
9998
346
6904
3473
5671
5799
3029
3434
9319
597
4930
6459
2453
4088
7822
2429
3170
850
1257
948
8376
3792
258
8011
84
5967
6822
7062
5290
1978
3963
9766
7254
4554
3249
3340
933
3203
3582
5155
1624
1554
8474
1423
960
5436
3757
9184
3606
5685
3636
4674
7949
4788
7889
7947
2382
3879
9161
7925
3679
732
2986
9386
3543
7089
2180
2404
8515
1288
1448
92
8822
9347
422
4414
6000
6329
4856
6049
7604
9219
7958
8976
2246
8348
1428
4975
2789
5645
9045
5647
8836
8981
9388
1810
3786
1815
9598
5051
4546
5976
8741
9959
6970
4376
6220
7207
4851
8403
6286
3482
103
6975
8482
2621
4217
9475
1061
7127
4468
3951
8212
2238
3140
4800
7762
7757
1753
1932
9553
9208
7310
249
3619
1421
2360
5697
4162
4295
2209
650
7904
2387
7218
218
206
7795
3781
1702
7479
9221
5871
1304
8914
6202
6281
3558
1808
5819
223
856
1802
6628
6715
7159
9359
8725
9900
2875
7143
7694
5241
4744
5523
7791
5308
9508
8296
9777
7914
3014
203
7147
9419
6720
4268
2379
9928
5177
2654
2953
6987
8920
6475
2559
3857
1250
9321
3629
8556
878
1314
4240
4204
2175
5127
1082
5740
4134
8373
9452
7902
5756
7001
1608
8872
2279
8189
7752
4760
442
314
5039
3116
1160
8232
6647
9260
4390
4642
3621
5021
9209
7929
6973
4781
745
3602
8579
4369
6003
9767
1407
2905
766
2361
6443
9908
4723
2296
4149
6086
8947
2653
2332
3706
8501
1606
8707
8569
2977
5842
5791
4037
3500
8387
1384
3113
1595
2741
8689
2602
2023
2015
7227
7176
6430
1553
8427
7817
5491
6016
4371
6749
8052
8337
8305
9637
8754
6107
167
7
8973
2756
5292
5563
554
3821
8980
7559
5475
5728
6298
5331
9130
5065
9134
459
9632
6116
3516
3800
3324
1799
6482
9501
8525
5456
4822
195
5524
3587
6380
8894
5665
190
2819
561
5378
7007
7544
4187
1548
2767
1489
7435
533
6011
7355
6693
5700
362
4560
7329
772
6799
8229
7690
6831
4581
7216
8121
4451
7620
3348
4169
7505
2729
4123
6638
8811
8520
35
9936
2343
9350
2505
5387
2851
6439
7590
566
4176
2471
2407
2776
9560
6679
8471
5640
9156
3651
2445
6372
5077
9365
166
70
4324
3612
2543
1971
2832
5828
3490
4213
4323
9334
5808
9106
2227
4359
723
7793
3590
122
1473
3090
8320
102
7294
1346
7298
9404
8590
7241
1293
26
8200
4689
473
4955
900
3895
3266
8375
5473
6731
1418
3058
2173
4783
227
2012
854
5829
5047
2330
8895
1731
7520
3015
1601
1598
9825
9013
9285
4332
5107
3741
8492
2435
1297
883
5252
518
5776
3991
7808
9131
3632
1006
296
702
6783
1281
7359
78
3401
1356
8490
300
781
571
2787
5580
1723
9556
668
2793
2648
7657
4194
2704
6399
1446
5210
819
7193
2215
7913
1211
6210
3822
3072
2903
8785
5619
2205
674
5775
7941
6093
6314
450
1526
235
5544
560
2901
9092
6936
4850
9525
9661
5934
9271
9712
1151
6986
4341
7267
1124
1347
8870
5445
6279
9700
7951
8460
9461
5651
9729
5428
9546
3973
7120
93
47
796
9621
59
1140
6805
1875
1302
9000
6108
7669
8519
8849
9157
7569
9856
6326
2674
8756
4208
9537
2144
7477
2033
4819
2058
5064
6012
4717
254
5116
3005
3596
5730
7613
8288
2762
6755
6369
3878
8249
8960
8708
8417
6362
6242
3054
4245
6572
5429
9492
3291
2757
895
4179
6594
1769
1949
6548
8675
4701
5628
7731
6507
4297
2818
9524
2254
280
4195
2615
8467
3280
1830
4715
6057
9907
7540
4333
8252
8911
3960
8665
342
5222
1863
259
700
8031
9167
5263
937
5576
6198
596
928
4415
2622
6929
4947
5074
1872
5914
2670
9924
2302
5641
1321
4765
8939
2224
1001
4776
8235
1103
7045
7055
4348
7235
8730
2008
2009
2372
3207
8244
2059
4481
9097
6382
3305
8982
7304
3906
559
6912
3615
5380
8940
7615
2874
4520
1563
7035
3579
6910
5365
7852
7702
7277
2913
6061
4292
4043
4184
3672
7091
2248
4360
2730
8115
7182
1329
3092
8045
7971
6477
7165
9352
4516
9684
3398
4140
8635
5825
5313
4318
4629
7100
5763
2541
8788
6340
3670
2310
5542
3945
1004
5832
1701
9545
4177
9650
3810
6740
5999
1686
9187
756
5521
6546
6419
4001
1584
1749
6556
6836
6062
7828
7491
2278
2182
1639
7448
6730
2152
791
2470
2898
8758
4275
6496
722
5831
2293
9074
3158
6436
359
3518
5438
9971
4483
8484
4933
6751
9310
8413
7243
7820
5509
5806
178
6829
7570
125
939
9789
4071
8739
9340
8323
6954
196
751
6282
2013
1721
4949
1801
3969
5710
4116
4304
1136
3199
287
2437
5635
7179
8368
9390
673
8663
2460
4281
7646
8086
3474
6642
282
3212
7154
1629
4662
44
546
2444
8517
1758
4381
2107
1965
876
4190
8888
6847
2872
2626
5541
3941
6209
6707
6431
2219
9199
711
4559
5321
4968
4469
1735
6139
2806
8843
4565
6723
1569
3566
6428
8886
2128
8715
8674
5129
1752
1738
5125
5955
9318
1279
8331
7643
896
7511
8159
6487
1392
2608
6940
3195
829
5965
5692
3497
6545
601
1214
8047
9552
9593
3908
7872
8760
5384
8671
8523
8699
2865
6864
3237
5954
8759
3695
7268
7333
9588
8061
469
2268
4672
2114
3690
7698
4521
4750
25
9504
2427
7515
6774
3714
5111
4351
6020
3737
1144
4655
153
6573
6842
4160
2473
9235
7859
6417
9629
4368
9032
9880
4196
2685
5160
2402
5732
1494
2860
1496
2846
4121
2588
6461
5499
7841
449
8205
1933
2335
2655
5425
1844
4112
1495
4350
4780
33
119
2676
375
4338
6870
1871
8118
1408
4681
5785
6122
1694
3204
2309
9978
9445
1781
3264
7493
4463
6752
3986
2751
7133
3375
4293
4985
7008
8196
8142
1175
1199
6394
647
1511
129
6014
6158
4867
6606
2112
4346
5161
2661
5549
331
8908
2259
4083
2252
1393
1992
514
1442
6933
638
6227
5379
6129
2761
7454
3604
6493
2736
5355
4827
9111
116
2369
3834
8472
2063
8875
7693
7899
8618
1648
1259
6070
4620
4708
9417
1394
2029
7881
3263
7106
699
7024
3356
6806
3705
6782
3658
5517
4646
7931
8260
4453
6841
4552
5492
6078
7322
3608
3727
494
1732
1843
1964
2609
6698
3423
3978
151
4558
3402
6931
7877
181
3607
2746
8910
3068
4211
7240
3828
7463
8697
977
9422
1888
9181
1025
3704
6377
4751
5952
6999
3043
3110
5404
3801
9605
7507
6232
3020
4954
861
2147
8770
5506
5268
6113
127
3173
2364
3220
8294
6708
5969
2047
4637
3530
930
7189
4925
6667
4564
757
9226
6452
1235
4879
5703
8088
3644
5496
4344
51
364
3506
6211
5958
5225
1656
5032
694
1441
1625
5289
3100
7506
3782
3880
5660
3022
6820
2518
7139
2064
3455
709
4960
4663
6179
9426
7863
845
8302
3243
6364
2120
1706
5975
317
7573
5510
5720
4478
6890
743
2342
2914
7203
8458
7704
7204
9490
8382
5105
1892
6321
437
9476
5838
7501
9322
1410
8465
9848
9267
3659
4517
630
7584
2823
8609
3103
5639
6258
9827
7815
5809
9174
8630
9019
3823
4973
5004
10000
8766
3413
4847
5693
5883
3700
1326
3307
8968
3465
5003
6425
8686
4712
472
370
7895
991
8778
5507
5859
6523
6685
7835
4385
3868
9896
5356
621
3559
4459
3829
8877
5904
2659
3311
9007
32
6442
3403
8765
7778
4024
225
3610
5706
2121
6577
637
2778
4046
5876
6653
5518
162
4274
212
5214
4030
8522
4857
4849
8851
1714
5490
5196
9364
5413
6662
5058
8324
5474
6979
9477
5254
975
4939
8705
8069
8268
3971
7466
391
9
5559
288
4948
1764
264
117
1591
540
5913
5627
9376
4283
1435
2165
9121
8127
9006
1640
2495
9150
3814
8028
9657
4392
5936
9027
8265
3392
495
2918
6142
8341
9258
2062
5233
6627
4485
4792
5095
4964
2397
2681
4172
9801
3457
5085
1915
8133
5540
9668
3342
1328
5811
5132
929
6045
7226
9420
8114
1967
1385
9141
620
5180
2979
9625
3655
3125
2795
4133
6481
7416
4110
373
7301
3638
4449
1705
7214
8328
1827
8144
8571
9652
66
413
9203
99
3853
366
4797
6379
7911
7787
6527
8391
3412
5228
1549
570
4635
2267
1968
1261
3281
9775
2066
8897
9224
7440
6450
4503
3138
7558
3994
8511
4931
4599
1436
6661
1013
534
8456
8565
1348
3625
8857
3458
1890
5489
6793
5073
2564
8316
7801
1285
7533
5244
3594
6942
5718
6837
2906
3913
9377
7071
9440
1265
8120
8303
5025
5797
9804
5575
6055
7206
7209
4347
712
9255
2534
3550
7208
3030
1939
7750
2690
5027
9104
9495
29
1310
5520
4970
6322
1484
5816
2935
6634
1011
241
4714
7910
1842
4018
7517
7591
4787
5102
986
4314
3034
1239
126
3257
1088
6609
8000
4460
1063
2243
6952
6534
7368
6696
5978
8430
4748
3472
1790
8642
4767
256
4764
1110
8160
6651
8493
6457
4015
5230
5737
4801
5364
2750
2877
6788
2135
8359
556
2982
5332
4665
3756
4413
4380
3079
274
4533
8027
5901
1143
94
5350
5930
9431
7751
5174
6357
3093
8445
3754
6195
8338
6480
5359
8999
2117
8985
7916
7109
9719
7700
6826
541
6757
7974
6261
6615
5762
3163
7102
5245
3839
5162
1927
8554
2997
9634
7608
2097
8227
7842
3685
8873
8547
8928
8784
1767
4484
7413
1353
6407
9151
2483
4631
432
9214
5168
2966
6371
9129
7854
1033
6800
3640
9245
6964
4400
6669
194
9673
4671
2981
1981
9110
204
2469
404
6233
7350
6155
8847
589
2799
9764
4180
6518
8777
6536
8110
6356
4623
5939
3076
609
2447
8218
6074
9539
8703
7036
1007
1509
5514
1814
4411
6976
5071
2162
9468
406
1499
9160
3503
1669
8261
7148
8923
2820
5017
2699
7378
2854
1589
852
9956
2443
1002
4396
291
411
5249
9135
4702
8246
7411
8128
5126
8880
6625
8275
7345
783
5598
5497
4974
1879
4981
16
1000
7804
7779
9395
2204
3669
4729
6868
5189
4033
9222
8007
1205
1743
9762
8598
7840
9084
5694
3795
5314
6835
7346
5310
8283
8379
8876
4831
4868
9735
715
7773
6601
7187
4872
3057
7579
7166
6317
1403
2934
4528
1210
9817
7735
3416
5464
9124
8321
2233
9503
4005
1375
2601
4785
3517
3860
1376
5405
6081
3059
4609
7128
9702
8658
8600
1991
5650
9559
802
1966
9491
2523
9072
7470
4214
5624
5398
725
9488
7887
8676
3968
2695
7614
2089
835
1313
8889
6819
9056
870
2640
5974
3775
3524
3209
7337
3031
8329
9845
1762
193
5886
9055
9061
3501
6510
5931
5873
2702
7861
3728
1900
9773
6821
3017
2800
8733
1655
3272
5124
522
5362
951
9316
568
7374
1021
7313
1898
840
30
9064
1188
140
6746
5739
8806
9871
8384
1979
9025
5560
8942
6118
1090
5016
4991
6705
1645
2380
5615
877
8299
7499
7282
6156
3476
2810
2707
6787
7568
9165
6726
7990
8828
7503
7621
5157
8782
2489
3752
2596
5724
5824
7300
7630
1741
4309
6345
6353
9885
8073
1877
6324
9190
892
9076
4553
5264
5779
1460
4926
6889
2837
720
6483
5935
9619
1878
7473
3882
3152
2848
224
8937
4029
5951
9263
8446
8082
3877
8203
4426
4229
9354
4836
9713
7258
3571
6001
4277
6620
5090
6974
4798
1709
7638
5750
2726
7551
7710
7926
232
8521
7124
8652
4067
2911
7849
9953
9672
2513
4978
2892
6021
1835
8678
9550
4386
5889
2554
2719
811
60
2319
2005
7973
8767
6328
9193
8826
2101
4410
978
4135
8399
3701
6631
3332
2344
456
3838
7883
9844
979
7509
6421
3419
1447
9576
7130
9788
7600
313
8187
2684
5401
3718
5610
8345
9083
8510
9954
3216
3766
9424
7068
9682
2007
4241
9935
1541
532
2024
3120
4855
8266
8815
3779
4249
956
5716
5657
3892
1776
4329
1322
1050
8694
5590
686
9014
5340
2045
8239
3300
285
5731
8449
2329
7169
704
9462
8388
8813
4956
8439
9484
9912
509
8273
76
8793
9487
9948
5858
9905
6760
2347
7680
5468
4711
5054
9610
5325
7265
7375
9207
6181
5528
5327
8638
3481
253
9366
444
8414
9824
4474
583
6080
9050
599
4285
8792
2566
5503
963
3976
1948
4733
9590
1156
6244
3561
5881
5144
5618
680
9465
412
3003
9176
4439
4202
2419
4158
6718
1946
6668
9815
1561
9540
8441
5893
7256
1270
2612
6590
6603
9309
4839
3699
4354
5759
7391
9427
1284
7672
8209
8405
9095
6795
6770
3224
2656
5487
8648
4389
8444
8670
2452
2589
2582
826
9865
8919
8330
9642
8975
2025
500
5609
8636
5638
4823
2549
7838
973
9812
4421
7668
7011
2887
5442
8083
4345
6962
5804
3033
5547
6567
7338
4952
3852
4257
4452
7171
4131
4084
984
4810
7427
3480
971
7137
489
9958
7880
6299
1077
2718
2965
5758
393
2141
7464
3886
9890
5033
21
4004
813
8317
6587
9373
8936
562
718
572
4687
9542
1683
4920
3462
3083
7759
776
5271
4884
4051
9747
4423
8355
4754
4477
9349
1917
6464
3645
8175
4965
4129
5691
7362
3117
1682
6500
4757
3980
4254
6691
5725
5341
1975
760
3041
8539
5395
3069
9623
5956
1420
5529
3586
8543
8952
3825
7986
1320
8933
7550
9034
3424
6344
2944
1551
2245
9170
8801
5767
6616
9456
5094
9145
5301
3560
3773
6768
3433
3900
555
7964
1430
2897
4248
8962
1536
6221
1785
5602
1459
9681
4825
6690
9173
7443
4227
4456
9144
3221
2856
1008
3479
112
1174
9786
5243
5049
2671
4572
9362
9531
5916
5412
4661
3549
4507
7667
9589
9243
3248
3819
669
569
4325
9460
6650
828
7257
7244
2150
4027
111
1370
4147
1289
2367
8192
7989
2100
839
7756
3809
7716
8502
1636
9269
7660
2920
511
3859
9527
6390
8764
8006
5435
2277
7575
6699
8462
2019
6623
1253
5154
1154
6100
9529
7116
652
625
873
2442
8220
6776
5218
1480
1414
8104
7429
1493
7514
3724
7653
1848
3180
1685
1095
4582
7987
8534
9162
9965
5326
1300
2461
4921
2515
2132
8353
5098
1278
8251
1452
6188
9229
6589
6618
3181
316
467
545
1260
1742
9910
481
9112
5899
8183
5191
4092
3525
4821
7746
9951
9497
8190
2014
5855
8284
9257
7061
9898
3441
2583
2352
5020
2406
4108
3694
1540
6301
6308
7833
1404
5406
8561
1649
5138
5752
1558
2116
5607
7545
5066
2468
9327
7546
7115
3845
5539
6409
2477
7609
7708
440
1673
8369
5486
5307
744
309
3953
6899
7869
9093
3314
5844
6297
4935
9594
3227
5122
2423
2929
2689
2130
3966
5679
8259
6990
3483
6306
8884
175
1858
4462
8089
8154
6240
5573
8055
9220
7825
3869
7160
9666
656
6798
1995
585
5399
5431
4016
5747
3469
6284
2627
6395
7725
7847
1989
3611
8097
8385
487
1565
2592
5056
825
881
8473
4127
5147
8709
9810
1931
9087
4736
6307
377
6924
4282
1665
8535
332
6491
9591
7594
6916
7095
4052
8677
4342
1344
355
2307
4845
6551
2414
9795
4946
4278
8186
3415
5389
6429
7232
5135
8938
7516
7155
5195
8087
9343
3428
8858
6610
5535
590
8737
2010
849
2041
7980
9740
9618
5630
953
7586
4165
9133
6424
8147
215
4168
8958
4102
4927
1581
9624
7321
3019
3698
4378
9644
4261
8464
9697
324
1357
5656
6513
1209
9391
7645
5357
4200
7992
3743
3909
7003
9755
4802
8113
2959
6289
1754
9596
4784
4271
5407
2853
695
9410
6092
916
2960
9883
622
7223
6083
2280
551
9408
3114
483
5082
5543
6097
538
11
7339
1571
607
3202
7088
3722
6727
7965
201
5664
5534
2032
7328
9022
3276
4727
9834
9494
5182
6134
1854
445
2973
8621
365
4700
2057
461
9471
2862
9724
2389
9430
2226
8572
3153
1570
5993
7250
272
2683
8342
2188
471
6568
7564
2262
6710
7827
4494
9564
8653
2189
9015
2636
5414
1350
4618
6172
7666
9583
784
7636
771
6893
5652
1807
5439
9962
7261
6422
5375
1737
8773
378
7639
1998
7723
5830
9854
8991
1481
5800
3770
5802
9147
3666
6956
640
6738
4501
4721
4141
9995
6581
1311
3785
9763
7421
7041
3233
611
1369
3359
7042
9840
1051
5302
7619
7078
7563
8360
6742
7784
9308
5227
1091
5031
6334
7497
6996
7114
3989
4602
4191
9655
1058
1331
6225
1718
9339
7444
2214
1242
6745
3088
141
693
4919
5919
2651
823
369
6981
8135
1516
6470
9357
6911
8695
3901
7874
8392
134
6154
7390
4625
4310
6009
7821
2722
4473
6702
214
6469
1921
9312
3190
4989
8096
1579
3496
2932
441
6512
8364
9985
5741
1628
1891
6560
2392
9510
4098
8278
9647
3783
2133
7631
8528
4148
3304
6549
1660
4253
7194
8016
7302
360
2978
7724
1305
1456
4326
8714
8166
5367
3803
6505
5836
5583
6735
297
2073
5282
6815
5050
529
8009
2067
6643
9831
1677
5186
5778
9436
9368
9986
6880
9851
8810
7796
658
9280
4739
8647
3519
1043
5578
1055
1614
6901
9966
2976
7966
5891
4738
7030
836
4496
8587
575
7373
5915
438
5912
792
7811
5516
8944
6287
1678
1059
8688
2955
7948
8698
3432
4725
7323
9643
6473
5426
1811
5885
6273
414
9875
9169
653
5061
7717
7199
581
6846
9843
3861
5472
1064
6640
7967
3983
7603
4287
1886
3468
3962
5148
150
236
8573
3947
17
3915
2164
2968
7771
136
2034
65
5926
1621
8289
4210
1897
2555
7038
8030
6830
4099
7032
2118
4330
5736
9457
5348
5262
6054
7291
778
8440
176
4983
2079
6191
9568
2217
5463
8019
1588
2324
5181
7469
1157
4535
2232
2405
1777
7800
4472
4640
1062
3630
6214
9454
4044
6833
1148
8853
4036
846
1371
9533
6004
85
4303
6433
164
9521
9311
7953
4247
2723
7625
1559
4900
7418
9306
6873
7519
3437
6036
5229
2917
5918
6497
7197
9470
4652
4050
894
2939
8912
9687
9053
7699
8592
1190
2375
7942
578
613
8046
6639
6896
2641
8034
1818
1362
8318
4115
564
8365
6520
1399
6656
8637
5269
4403
9206
7472
1951
9020
4150
2451
5467
8974
8639
7552
7103
9799
7271
3570
233
4236
1687
2466
9467
1042
7090
7358
690
2282
2492
5130
716
6865
62
2216
5299
2275
198
2713
5562
9888
1081
2940
9756
4951
5558
917
5234
5368
9411
7711
4885
6151
4864
1462
6766
9472
9262
462
6117
3928
1525
9659
5900
6245
9717
4657
9658
6243
4592
6160
5629
4651
8366
8606
4220
7696
9473
2158
5853
4171
3924
4612
3846
759
8545
3755
3538
9155
7912
7681
4695
3421
6098
9140
8701
6495
1398
4072
8450
4488
4215
7738
5121
9217
6494
5612
3544
8900
3240
862
2844
5277
5471
6969
4431
5141
4769
2899
8820
2711
3422
6971
9842
8117
6260
2575
7318
8315
5525
4622
435
9728
1576
6184
2878
177
3460
2716
8213
4476
7034
2620
4458
6946
5274
6177
8149
1533
237
2782
48
4251
9708
9567
1101
6575
6930
1941
133
228
1123
7347
1912
9058
6026
2440
8783
1535
9033
5158
9463
3456
3873
3824
9068
8915
3459
4467
7623
4795
502
7599
1316
3533
1746
543
54
924
1139
3471
9264
7652
4645
4953
672
9849
4117
2646
9067
3331
1173
5172
2449
8955
3326
2680
3680
1049
2747
4886
5322
6747
2985
385
2511
1479
3098
8881
361
1539
6089
4633
4258
4621
8057
9372
6147
5159
7453
7245
2239
8014
1471
9776
1080
3932
6541
875
4693
6700
4923
7081
9667
2328
3498
2697
5851
3228
115
2835
6006
9640
4222
9012
2598
9299
5324
4982
2303
1264
523
7172
9949
3253
8833
1867
996
2413
525
4928
7380
6791
7403
8210
310
3123
8717
5247
8098
6251
3164
9816
1703
7394
2948
6451
7231
1910
9685
6115
3426
6515
8094
4290
8108
1792
2647
1616
311
9287
8347
1440
3183
7834
954
7959
6784
1409
8807
3726
357
9171
3366
98
2781
8453
4070
2218
3241
2260
1519
3885
942
595
5048
651
4811
9099
897
1349
931
4466
5337
3758
4649
6010
3149
8090
9353
6941
5557
3788
3592
7632
664
9996
1128
6570
3025
8626
1168
9911
7508
7788
1291
1431
6222
7468
6350
4230
9185
4395
7635
3128
6816
2542
667
5470
4138
3772
2072
4759
6414
918
2350
284
843
6212
299
2046
9435
4096
1478
5276
6915
3553
6790
5508
4875
8829
907
1241
9990
3768
9195
9761
6756
4106
4782
9123
3198
7351
2717
2184
9532
3394
6174
7510
1131
7275
145
1429
7050
5458
691
1938
1232
5134
9909
4627
2845
536
8395
1646
4441
1461
5594
9711
9698
9790
6675
1690
3191
4373
7156
539
6550
7370
6629
9758
5338
9701
9252
1120
660
5460
2134
8591
5613
3751
4826
3641
3627
3037
409
6571
1824
904
8825
6471
5400
8563
6867
8077
8625
8551
2264
5402
4539
752
4307
1186
8727
1901
733
705
6840
3649
257
2294
6578
3357
9066
1263
7140
2567
6645
1990
4113
8924
1580
4343
5735
9980
4967
273
8380
8033
2051
7367
6381
7678
7020
558
4498
7656
6716
923
7274
3616
6689
3382
7673
4803
6248
9336
6015
1306
2839
4109
1477
7790
5270
5329
1069
2140
2464
199
6096
7246
8138
4416
1178
5351
9168
3023
1012
4080
5217
67
9119
2724
6370
3464
2796
2433
6126
7144
8167
1118
7837
2123
7938
7802
3001
6814
5713
5943
2285
6794
1552
1309
3523
8256
480
71
6197
2146
729
14
9266
1936
2673
7903
8188
5669
3372
9847
787
4374
1374
3270
8237
8972
6141
8180
4059
2642
6682
6365
1999
4146
7162
9163
9378
2791
3654
681
1793
4280
2528
6132
8932
5772
2196
7092
593
7349
5169
5298
2031
4980
3940
6076
1258
3222
9656
3739
9314
7056
9335
9964
7607
7665
3697
4514
5687
173
4505
6031
3733
5498
9146
3150
5145
2529
6562
4137
3874
5391
1930
8681
1231
3261
7561
9628
9177
4461
2359
5617
8926
1400
1963
8005
5317
189
4446
1167
9999
3998
7587
5983
7437
8396
7312
8448
1943
1009
6907
5297
5940
2394
7451
8243
3452
7238
2022
1158
1089
5194
7180
2281
3709
9798
5649
5684
5662
8837
9409
6318
4881
4306
3848
1861
866
8435
2048
1923
3750
6547
4339
6404
5621
4996
7067
390
2937
8544
5894
2071
7907
5450
8965
105
3665
338
8442
6957
1940
3521
1425
6169
2311
1578
6035
3563
7153
9782
8624
3671
7048
908
657
5587
9915
1286
7430
3487
3420
7164
4740
9722
6400
1828
1834
871
3070
9855
58
4105
334
1961
8381
4530
1984
2028
389
7805
5658
1181
2895
4768
7445
478
2109
4679
1513
4707
1534
3555
3133
3642
1358
4972
588
4963
4470
830
9538
1602
7774
8211
618
8745
2325
550
728
22
6444
5381
3716
7543
7972
7401
6595
8194
9615
3660
1266
165
5874
1889
5204
2055
4198
8152
4199
2927
9808
1343
6811
2479
1228
9244
4091
6586
3002
7281
6024
5814
303
8656
2570
9839
3388
6194
3899
6504
6777
5698
7647
8867
5586
6327
1671
2735
6850
1751
5079
9543
87
9240
298
748
1773
6415
6959
1977
2225
9945
9680
2095
5780
3105
2613
6434
6903
319
4842
7459
949
3931
1382
3292
9887
9787
64
7013
7794
37
3921
2049
6948
4144
9241
6136
4793
5678
6343
7960
5001
3830
6887
3063
326
1763
403
2088
8970
5149
4596
1308
940
9704
2983
5949
8791
5745
7303
2459
7650
2530
6843
867
3337
8106
8370
9113
4816
8293
8899
7655
9975
8286
8018
4269
1945
114
7832
1075
8146
9414
5929
9439
6808
4166
4907
7770
7624
9041
5699
1490
7094
5554
9526
8374
2520
270
4555
847
7714
7730
8628
3284
7637
1642
7674
1987
8776
6280
993
4511
9438
5536
3675
7663
8499
2039
2682
4545
6073
9060
6056
6883
5962
3774
1465
7449
1256
1290
5961
2081
152
3259
1825
3984
277
9878
5013
5052
3907
8125
6579
9188
7644
9972
1500
9153
6743
7082
3052
9807
3565
2532
4897
8455
9942
3213
5625
9770
88
5045
7474
7715
7826
1717
6283
753
3494
2577
3545
8735
1633
6701
13
4909
6724
5887
6255
304
2816
5884
8672
5622
6447
5265
9752
8459
8824
9641
5068
7688
1600
1434
5286
1544
696
9275
5798
1510
4713
8649
7480
797
9399
8842
6687
5843
8799
5786
8276
9458
9793
5352
6739
8179
3715
9649
9389
1562
8557
4993
8495
1798
8805
8164
7605
1282
9646
3681
3440
9864
3267
3528
4305
2417
5418
8434
6526
7027
8588
9152
4405
8327
844
3047
4076
8372
245
7984
6025
6144
4691
7920
2408
3094
2498
3567
4698
5861
9826
9917
7379
4600
1244
676
2289
3450
1217
9613
7086
8487
8956
5867
2643
8488
8245
3374
4709
5115
5316
9122
8412
624
2195
8503
4054
5346
2658
8214
238
2103
9654
9307
4153
5433
2714
7930
7823
4509
7851
9759
5984
6389
4364
3449
6709
5849
430
7230
7183
6949
3609
5253
6257
4807
3513
5872
9785
8855
1522
4438
8255
1
8893
5917
6182
528
6529
5746
5311
935
7461
7934
4854
544
2484
6453
2780
3569
6044
1520
9617
118
9608
7526
5476
2785
1647
6834
5581
7175
515
6150
5023
2151
3903
5151
1332
874
7054
3937
9947
1294
9820
3242
1852
3653
1515
3551
606
81
8885
6234
7993
1770
7686
417
3548
86
2161
4216
4746
8684
8830
901
2327
5303
8594
6492
527
9639
8693
2321
5574
8574
4557
3308
43
1417
9247
9232
3916
7705
9927
602
6997
1121
8979
5933
9194
4063
8728
4966
885
6265
1491
2338
3955
642
5330
7316
4694
6111
1367
5690
1201
2941
5035
5156
5152
8067
2457
9651
6598
6250
7293
7525
3431
1774
3106
306
2115
2637
4988
818
1248
492
2257
7079
6947
4852
2971
2263
1048
9011
1959
5584
3749
7766
5852
6178
2992
7305
4379
8513
3802
7251
7478
5937
524
5267
914
229
5655
2563
2712
8771
7937
9950
4761
7325
9230
1194
4480
3091
3703
8542
5084
842
946
4658
31
8063
958
1412
915
8264
4398
8546
1193
5569
8153
9696
9036
7970
1980
1816
1208
3995
1485
2760
7582
803
2070
2305
4610
6644
4427
9186
8042
3247
3573
3411
5037
6807
479
2753
2400
3260
5206
5860
1072
5982
6982
6109
9128
7659
7580
4107
9387
7215
6320
5500
5345
1869
6802
9703
5513
8136
7886
3350
2970
2090
2074
8100
6926
5440
4328
643
4903
5644
9042
3229
75
3992
3687
1273
8629
8389
8861
2572
8421
5309
3161
45
6304
5666
4497
2705
6189
1778
3299
6891
8763
4992
8080
531
5173
506
4999
5164
4132
9895
8258
4111
3010
2896
4239
8162
9903
7527
3409
9906
2177
8432
6247
1292
9573
9876
6199
6937
7534
7376
1906
6818
1377
3938
2755
3134
5790
4197
961
780
1880
8020
4244
5461
2956
7529
7884
7978
3223
4726
7436
8742
3568
5015
4002
1865
9916
2170
7289
1255
7830
8116
8156
4450
997
7377
8916
9205
9563
4840
3325
4957
769
1836
6554
1182
7059
645
7331
9383
2870
974
7205
972
9464
5104
1450
3166
8536
2159
7023
5443
9920
5551
9301
7562
2565
548
3182
5258
3763
9369
8383
4266
7285
3977
4475
7141
9437
3454
2692
8986
4734
7314
5459
2340
7677
8994
8297
4613
8964
3677
4228
1271
8786
1623
9118
6704
2454
4097
8332
4334
7922
8081
1850
5953
7066
9918
5334
3661
8620
7649
8001
3591
5457
6033
8269
8988
6812
2255
6228
7697
8134
6410
6681
9296
6525
3135
3970
4404
3520
2201
8718
56
4502
3250
2876
4716
793
4079
2584
6729
7601
1240
7069
764
7191
4448
5012
345
2021
4103
9413
9555
4858
6683
4349
1787
9690
4053
266
9846
8309
7853
4611
1475
9993
6200
8498
4862
8612
9811
347
7315
3285
3319
1307
52
1352
3400
2026
4316
8605
8041
7335
41
3888
7126
4673
6373
4830
1487
3050
4683
8779
9686
8339
4971
123
1482
3200
7566
8411
3145
6072
7076
9444
5505
2524
6939
9853
8497
8163
682
351
9914
9375
2551
947
8751
3584
5784
2766
3087
4859
648
3958
9821
959
6672
4814
3946
9429
6312
6985
7234
2849
8356
3961
1098
1395
491
8615
5319
3804
5251
7184
1661
9212
6037
1937
9116
5722
4246
7046
1486
7266
486
5482
7675
2187
3682
1483
7428
6993
7400
6540
3151
8026
3893
6043
137
2102
8541
3461
2362
3626
9689
2069
605
1722
2241
714
169
4358
5485
7553
7460
9075
6455
8992
9406
1046
2357
9200
6502
3344
1572
7117
9595
217
1693
2486
1925
7813
1458
707
1145
7628
4684
9512
7167
8506
1122
7260
1112
8935
8602
5483
4225
542
7504
3692
8576
3974
3934
8891
8419
7939
5188
5257
4583
7897
3252
4218
5770
2557
1038
9860
3338
3816
6838
1391
6079
8774
1757
7419
7629
1765
2571
4447
8549
5862
5614
1545
2871
1150
402
6458
698
4892
8130
6501
2706
5502
6059
8223
3028
9393
2721
2256
337
5793
2370
182
7121
4549
7372
7548
7135
9731
7500
271
2777
4697
1727
7272
4428
8
74
5571
7157
8651
7481
5383
9968
8340
77
631
5397
7627
6950
7857
3323
4417
1983
6892
3614
5284
46
1133
9278
2510
7732
8062
8818
1599
5898
6131
6516
8208
9692
7456
3634
2349
1950
9227
5527
8308
4391
3439
7324
142
3580
999
6418
312
5283
2678
5788
4007
2157
808
2247
244
1638
7424
6909
315
4902
1117
6624
4136
4487
1363
3446
2650
9320
3843
3856
1780
9317
8747
4934
970
9482
4913
9421
2145
4159
5892
8109
7278
4912
9382
9201
1922
9496
9734
7634
1427
2614
1833
6804
9398
9024
219
9040
2448
1663
598
2535
6503
7489
8531
3065
2792
8611
8604
8480
2801
7786
7485
3178
9326
9635
8743
8431
1514
3006
7940
8834
8298
3377
5733
6427
7798
644
6951
9149
3999
5533
4237
6988
5006
7728
5046
1506
3485
3985
9991
3205
7818
3493
4828
6602
3919
6138
9499
3540
1505
3745
4532
8896
8226
2733
6612
4296
1557
6680
5820
4057
4298
2962
689
872
8796
6091
5300
513
1189
510
665
415
2027
394
5597
8704
4069
730
530
2295
7475
2113
3791
3353
4741
6050
2346
2772
4317
2395
8409
1336
1715
7908
4263
7002
8139
7868
2888
9137
5601
5086
8882
1873
5727
2954
2774
4943
3078
2496
3273
4430
5437
7963
4315
3470
1177
8263
7037
8864
2368
1138
9727
183
7733
3532
5511
782
1411
1170
197
5427
5818
886
2830
2635
5675
9405
1380
2696
163
7369
8660
5238
1895
3288
1325
9616
3351
6754
9401
1402
9415
1596
1130
3275
9346
2611
2908
3108
1195
5531
2665
171
5382
1911
4844
4388
7363
9474
5200
8494
1560
5623
5530
2825
8869
53
374
4959
6902
6449
3109
8581
3505
2579
2869
1837
6219
724
1711
5897
8075
9648
7610
5801
1171
3086
9934
3060
3395
7119
8085
2323
7288
7280
367
6772
3230
2850
3075
8238
5805
7354
4829
719
3764
5991
2250
5415
2297
3104
7196
6522
7031
7742
6532
2813
6674
3277
3334
2926
8410
1627
9046
2990
9683
2418
5212
8181
3547
2353
8841
497
9863
5695
9879
468
5376
4778
7388
2821
57
7414
8032
4745
8250
7163
912
1079
8555
8887
7327
5970
6728
2078
6099
7522
3826
6635
2153
8722
9797
9901
6204
4667
3061
9085
9009
5036
8059
6119
2431
1926
8436
2633
7283
2450
3064
8280
5353
5495
3933
661
3214
1212
4632
864
1882
4045
2731
9748
2253
5002
4916
5371
1631
9479
2221
1216
7181
740
853
8995
1010
7856
104
3126
1896
343
3647
5432
2836
4675
2119
3112
7442
2573
2811
3171
1784
9412
8589
7211
6913
7995
3215
9286
8950
5839
8390
1020
9769
42
5034
3282
2951
7873
4763
5342
1521
6048
7722
632
2337
3730
6813
4571
6051
7309
7662
4008
1187
6608
7273
7683
701
7098
8481
8157
7764
8526
5905
2124
4818
7122
5179
8997
1734
2017
6824
3226
6039
6753
5996
6878
4114
6879
7900
8202
7021
7492
2880
2075
7467
4086
3312
889
1736
9520
2183
7201
3541
4157
7361
5136
2467
1327
834
3039
8570
4576
6927
8613
6348
3406
9884
3096
9164
7571
5038
1159
868
4363
8401
7343
4492
1575
7864
7476
3952
1587
9088
2833
2556
6386
6871
160
4259
3794
7151
1419
5250
5990
5910
3477
1225
3313
8198
2316
3522
7212
3967
7530
9581
8945
6077
2299
8817
9604
9231
6967
3723
4722
6485
1603
5865
1268
6185
3832
3965
9760
1463
8043
5944
8596
6765
363
3009
9493
2237
8437
512
6919
6759
5616
1318
1969
4677
3771
1845
3430
926
327
2945
1022
2499
8617
3678
7640
7776
5941
1924
7381
6140
5078
2265
3949
3504
4174
3391
6231
7797
7110
3911
4666
7541
2843
2383
8470
5920
1141
8461
6486
1960
2507
6193
1973
3721
6706
6855
5764
9631
1315
6591
5417
3870
8691
3711
816
130
9063
7236
2043
6038
6845
4586
3097
5261
8215
8903
6349
7433
747
4570
5166
4747
5142
6652
1745
3793
9733
2744
1359
2040
8978
9509
3564
1530
2675
5659
2764
1102
9425
5545
683
5072
8343
9925
7263
4399
5841
5347
7009
4183
1198
1108
1864
774
899
8516
83
6563
8322
2919
1017
8058
424
1772
1071
3807
4591
6506
3787
6238
3851
4479
6325
3329
3884
2698
7898
3194
3443
5163
7812
8140
965
8168
2086
2125
5689
1272
3197
2314
9215
8631
9609
7334
446
1094
9513
9236
6130
1056
2987
3930
5
1192
325
2634
301
809
1635
6355
6538
2984
246
7577
4537
6310
8270
3185
8533
5312
4944
1114
6763
330
1218
4566
6678
4130
7962
7676
3914
1115
8934
5044
6732
565
408
7707
8529
2234
6717
8408
9868
3051
612
63
8597
9606
8595
4337
3815
1030
5642
9739
9695
6828
9737
3056
1586
1739
2354
4087
7432
2430
8486
9866
8165
3554
7018
814
9620
1054
7871
936
2667
3251
9483
1728
3184
8951
4593
1096
7836
4170
8803
4519
2930
7554
6851
3871
5097
2831
3265
9792
2842
416
4418
1823
4445
8415
9442
5988
5921
2949
2476
9837
1222
4680
9367
1152
2610
2409
6114
697
9361
3944
5185
5146
4718
3316
6112
7455
1568
4863
2474
2619
4221
3169
4028
9197
3872
40
5875
3381
592
7022
3979
4573
8451
7096
6042
6183
200
4412
1620
4173
3527
2873
7611
2738
1312
4387
5833
5743
6688
4874
5449
2600
3364
4434
7539
507
2504
9571
4752
6917
5143
9432
5288
9921
4299
2952
4749
9328
5637
3303
7233
1390
5606
9246
1497
3210
7706
5654
2210
4284
2108
4161
6466
6734
15
9003
2083
8023
2131
1333
8170
6388
3849
4189
2946
6823
8840
429
5239
4977
9418
2552
2963
9519
5469
4243
677
9446
2668
5729
6797
5291
5932
9574
7777
5060
4023
7498
2249
5856
8475
3855
8312
9899
9272
9251
3321
6432
5979
670
6611
6292
6630
8750
9699
8927
1667
3234
9139
9515
2739
6124
4068
5053
9602
8913
1464
4678
6928
5096
3833
4755
628
6293
