10000
2277
9208
9170
9339
4740
5604
4322
7030
1001
3727
4225
8924
432
3993
2440
7804
4034
1351
2462
4114
6186
4723
4789
779
9833
2614
5274
4835
1006
2202
8523
1518
3265
2339
2725
8960
7488
7586
3508
3358
2551
5590
9742
4920
2259
2848
814
9432
3519
7111
8746
6368
4526
5289
4179
4019
7351
7435
5548
6670
1090
1956
5550
5222
917
6955
2266
3745
983
6896
2692
2893
5888
8310
5578
6973
9489
3180
6615
3821
256
839
6603
7894
3868
8404
2979
3686
2421
8537
551
6106
5180
104
3933
4586
3552
352
6729
6484
3867
1837
8314
657
359
6441
8210
2458
5940
8462
5425
4372
492
7555
6301
5273
6298
3099
8663
8020
9168
8749
9084
8266
6462
484
9356
790
455
6566
9636
8678
2984
5039
1696
8195
1206
2649
2580
1239
205
7646
2113
4852
9751
9088
6217
9634
4802
7681
1392
9415
9076
8070
3036
9594
781
8949
126
9517
7034
9944
6107
2820
4728
5873
4953
7267
8529
3879
5428
8496
4102
2897
6897
1608
7970
3289
2437
7059
8163
1481
4257
7692
8925
6072
2317
7231
8030
8029
3438
9787
6728
2878
8036
5188
9520
5813
5917
2573
625
3029
1574
59
5173
5865
4831
366
8345
8760
9082
5121
5549
5705
7601
2895
4709
4197
4146
1846
2523
2997
5099
8896
503
9061
1516
1286
5015
2756
2652
4323
4151
4859
6708
4845
415
1271
2653
9164
8458
5935
4360
9628
3596
9184
1241
5431
2731
8192
8785
6567
6637
5458
3612
2213
6138
2544
1094
8321
362
2165
8386
4713
3400
2237
6215
5823
5362
2246
4358
7029
4169
7933
2932
8627
7277
6558
9780
8550
8389
1455
1367
6003
976
4843
2408
6015
1186
7481
1536
9214
4113
5220
942
6497
5690
1882
320
2320
2964
3561
5247
3064
5885
793
8917
8045
4196
3430
5032
9825
4811
4393
1971
4160
8714
2986
5398
4886
9721
3359
4284
2152
6861
8936
8637
9738
8394
2690
2643
3333
5087
2499
7963
4071
9857
1594
1705
6463
4791
4691
3090
3014
6679
9273
4006
1040
5982
7930
4786
6121
8392
5139
6122
4279
7754
8495
3159
9066
581
8650
7639
7298
8990
5979
7826
525
7678
9009
9924
1893
402
6027
9846
1149
4853
1042
2005
7222
3531
1128
760
877
7695
9257
2380
427
2961
4518
6281
5615
3514
5994
1314
5600
9726
2875
6673
3836
564
7399
1360
1140
4345
1700
9351
1868
8618
8078
1642
2502
3097
7158
4829
2078
4537
5631
2832
3537
9097
6927
4408
4266
1765
2318
9966
1936
6986
1890
8478
334
394
1224
8089
9019
8003
3
6475
6282
4533
9610
4741
2812
4513
7159
4366
1373
4997
4806
3420
5544
6306
7543
8780
3070
7733
7632
895
1009
7841
1148
7648
7115
9686
9824
19
5829
3516
604
6427
9805
3762
7671
6394
9034
9806
6894
4013
7040
9847
3894
2734
9347
9703
3563
1123
6113
8167
9500
6595
653
2035
1531
9875
2746
78
5562
635
6530
7141
8913
669
4795
2292
8674
9995
4911
5360
2759
7262
9894
9199
2981
9471
1522
1049
6926
4600
1279
3465
3365
1004
3055
9195
151
1295
3045
5591
6280
7432
2973
8319
2866
9962
8178
315
1249
4390
1195
7074
8771
5753
1171
5662
9578
406
1342
8767
4237
7818
2194
3785
48
9606
4539
3269
5471
8235
1428
9142
1632
6642
5608
9876
6455
7943
2251
5043
4890
2530
1725
8145
1855
9007
2209
1252
6416
6031
8364
7904
8093
2218
1415
6390
571
6257
4480
9789
4661
5377
7340
1160
6878
6252
52
6401
7172
5588
2077
5059
9934
4583
9932
9125
3139
7169
278
7301
3817
939
3921
2467
3483
3415
4923
2831
7793
8305
3427
7283
7331
2887
6080
3783
1738
2821
2025
8211
3896
7657
9988
3357
4127
7498
6727
7463
4699
530
8713
4856
4751
6332
7324
1953
3155
6791
3609
3432
7387
5761
5767
3339
3332
2583
435
2972
409
8634
3897
8376
6830
8334
7729
6469
8086
9123
8284
1530
2475
5070
8298
4433
7590
3572
9743
4641
2581
1847
307
1549
8601
3979
3455
5847
4119
944
3316
4342
3476
5252
2003
4454
8956
9575
5040
9110
4242
128
9997
9749
7884
208
3429
4455
2293
697
3597
560
5537
7125
9851
3013
4136
4229
8962
5997
4968
2623
3417
7491
1198
8292
310
9427
1424
4036
7052
9139
5506
7809
4534
9956
4496
9900
2336
4704
2054
8196
9979
766
2104
7605
1203
5613
554
4727
4633
9873
1617
3806
1999
4869
8903
2235
7261
6423
5925
7726
6741
5811
5079
4456
988
7002
8652
6063
9643
7378
8100
9147
5618
9645
6660
1854
1714
1298
2621
1668
1208
1214
6474
2547
2252
3235
4250
7972
8505
5712
7518
3920
8243
6841
2037
5036
1902
5468
9584
3981
2270
8114
7100
610
6805
7770
1407
8174
4860
2993
4263
6120
164
7131
5686
4503
8735
7204
8763
2651
9231
277
585
2988
6330
7846
1533
6076
4548
9630
7782
9770
4086
608
1560
8686
3559
3077
1778
5272
7743
1408
1311
2864
6307
1041
8395
6467
5934
8643
2079
796
7379
5802
5000
152
9518
5090
254
6730
3720
4658
8011
6420
9373
4012
5294
5313
4555
101
191
2481
5872
9651
7699
6763
4574
2710
3773
4882
7649
6801
2313
2771
4461
4407
9240
7869
1675
5812
6022
4491
2399
7702
7644
1591
4309
5077
1480
1570
1240
7732
2495
7375
4047
5518
2800
3200
9888
9617
4818
4650
4635
1273
4642
7079
4865
7647
7881
5058
8379
6686
7264
2957
1983
2086
2226
6570
9340
7738
8050
1773
9601
7737
4833
4866
2134
7114
1111
1200
6448
627
7877
5732
6565
7243
1078
1917
8004
4905
1782
2962
6688
4569
6362
1752
891
6617
7966
5276
8985
614
4988
1585
2947
4717
9348
3513
5910
2428
6492
9029
8526
8133
4427
2856
1554
7311
4805
6325
3829
6965
1843
2334
1622
4398
5216
478
1656
3633
5536
5101
338
7319
3892
9557
5495
7475
2918
8146
9572
9461
9047
6400
3819
2047
2640
3910
5126
8827
7633
9377
7082
4655
7515
4059
3511
5579
9031
496
6888
4764
1490
1913
8916
9550
2526
4936
1605
7539
5524
5439
2735
8175
9190
8559
1872
2992
2857
5836
6610
3619
7128
2179
5799
8047
9856
9030
2225
5634
5953
2853
9852
1601
8612
783
2948
4849
5144
3489
1382
9950
3441
9445
1450
7934
9694
8442
5553
6345
3510
1234
1191
5782
388
347
3734
1436
4391
6418
3137
3822
3846
2685
66
6974
3895
6071
3080
4203
8915
8726
486
9290
27
7496
3776
1383
3672
3051
8814
4657
8347
7558
7403
8448
3970
64
6013
7984
9904
9528
5411
7458
6553
2862
9071
8413
2720
8717
3454
6669
5146
7844
2978
1932
6412
6691
240
4757
6712
2669
6193
2556
3760
4562
8450
3724
676
94
3927
2774
541
3053
9945
418
4782
8503
4612
3948
8194
469
6726
4051
3279
2358
1697
7191
5992
1370
1693
1347
1728
7461
9565
464
7549
7180
4667
6775
4793
7670
1173
5825
1023
2255
8083
1067
6288
252
8409
8700
7946
2949
655
6847
2633
3259
1972
1779
8270
4753
8234
2119
3302
9320
4315
4756
2553
3056
5308
203
1998
7148
7950
1468
1726
4285
4223
1039
3486
5486
4411
8410
6153
1730
2240
3005
490
1512
249
8757
2513
8088
9369
3620
2490
7712
9530
2506
9067
8920
521
1497
9771
7342
3687
2985
5595
2950
6439
5601
2311
7071
2890
255
90
9413
7519
601
1242
1277
4483
7982
1371
2153
122
5455
724
969
9633
299
9697
5503
2611
9816
5785
1376
1201
1815
5808
5724
2139
1586
5176
7954
3168
6341
3066
7338
9155
8369
787
4378
8620
868
4703
8355
4781
5820
7654
5078
5112
3729
162
2082
8378
7192
3336
7821
6180
6883
8532
6077
6011
3667
3117
6930
8253
2092
3231
1713
4827
7923
1080
3340
8984
8596
8604
4631
7547
456
6760
5348
8199
9392
2929
6485
6774
7653
4111
7233
7477
8491
7548
6653
8449
306
7410
3869
2641
3575
8238
5351
5832
489
2028
3393
5409
8691
1625
1005
8436
2261
398
1799
7981
3297
7060
7581
6384
6839
1664
3328
4335
2868
3213
6321
913
3040
5983
1985
3555
3567
7134
5655
5460
2335
8018
8861
4903
4970
2312
6008
9274
552
3491
4291
8229
6219
5505
7727
9028
8297
6962
2256
6168
7479
5279
4839
561
6363
5970
4311
9068
6817
9592
8884
9658
2043
6711
7993
5123
7385
3391
14
9495
1291
3370
764
3954
8221
3145
6094
5928
8937
3204
7347
8447
7395
5433
3075
2879
6160
9171
7103
9381
9556
1438
8506
5831
9149
8209
2586
4024
5210
8848
4762
507
2871
2006
1119
172
5305
3630
7036
1122
8636
5026
7165
7847
7026
481
1794
1681
3716
5748
2184
1456
1598
7812
7194
7940
3730
6812
9889
9409
3524
528
6845
6818
5948
808
3549
2441
8889
4957
3960
3631
5554
3464
5892
5938
1181
2736
4606
5962
425
3891
1645
1021
2010
8130
8906
6324
732
4910
4168
1399
5034
7811
1977
1870
2350
9353
582
2430
2572
146
7365
634
39
2287
612
9664
5009
4985
6672
2636
1451
238
9582
1427
5957
2431
3996
445
5547
5396
5392
4613
7755
4447
2719
535
3747
6836
8016
6263
1831
5065
5281
3932
7800
4010
721
8382
6387
4065
2515
3189
5568
1251
4850
9189
3095
5674
9561
750
8992
9160
1108
5936
4817
4680
3918
710
5328
6911
6792
2065
8201
5464
9746
6480
6825
946
6482
2650
7370
4373
6447
4477
5011
9215
4528
5463
7367
744
873
1216
1247
8013
220
2908
2666
1798
9654
6915
5412
1947
4308
3625
6609
4930
4813
9969
7780
929
3755
884
2847
3994
6625
3771
2509
8670
8440
9296
7326
2511
4587
8356
9008
6833
9462
6938
5300
119
1395
6267
2114
652
2401
6185
7938
9603
7296
9172
4142
1525
4027
5451
2376
4620
4921
2012
3912
1609
2642
5117
3766
267
3975
9744
8248
5243
9650
2870
4177
2863
8405
4828
1790
5649
8156
4892
4643
6359
8208
7642
9986
9801
6891
9803
1673
1007
6350
8878
245
9177
7077
431
2535
9114
9692
9394
4265
6167
8049
6551
9974
9297
7976
5846
8715
7035
1422
9422
8082
7906
2498
477
2627
7175
5317
2163
8517
4492
8679
2768
2223
7307
8263
4875
6248
6220
3658
5298
899
5801
470
8285
3281
3102
643
7929
8340
3470
6992
8407
2839
3769
509
4075
1188
4601
9453
3116
6761
6270
7955
9466
731
628
8791
2516
7358
2599
9639
403
7885
3924
7073
5001
4738
9955
6724
5814
8815
8160
1387
211
2638
2121
4666
9764
8434
9547
1028
3110
4394
5871
3504
2367
3990
8898
9710
4553
5221
8422
5769
591
8828
1959
106
1099
5896
741
4131
181
9973
3028
6901
8590
1515
6790
2944
2340
5835
5083
3535
2834
1563
91
928
1402
5282
7041
4045
4896
3232
3046
3833
6921
2931
8963
4822
3150
130
7228
5959
7883
9265
6334
6524
5807
6086
1338
6204
5320
5189
9543
4881
7466
3682
5707
9041
7640
6709
2183
2075
8374
7872
2505
8222
8299
9256
3446
4878
1943
4149
1301
4421
1232
5774
9665
6139
6633
8846
2565
6136
8307
9551
1830
1071
837
5741
2265
2094
1263
4077
648
5585
3526
2085
656
9299
7039
1704
9305
8732
5972
7285
9186
7786
4081
5713
3742
4255
5369
9109
5366
802
5482
8113
413
2602
2262
7382
905
7594
7018
8802
5676
291
1863
8624
4464
2644
5153
771
4466
2703
8068
5
6277
757
3378
5728
1169
1715
8380
4220
7181
9600
5684
1315
2767
2743
1930
5483
7636
7559
4629
2777
2137
7772
3203
855
5703
3691
7201
1653
4441
5924
5933
6778
1439
8502
9371
8887
1817
2133
293
3528
7854
6736
2249
6001
5497
8968
6498
5007
9681
312
5166
3546
6308
7779
7734
8237
3828
954
3946
3886
921
4037
2084
4187
8721
7550
4333
6189
7405
3292
2717
6279
4115
8230
7146
3406
5963
8874
5897
3605
4610
3958
9756
3002
5991
6562
8288
5720
1412
4698
3883
3141
6361
1787
3642
5182
2096
1783
9840
4659
9081
9765
6862
1916
6399
4919
3624
623
6311
3664
6329
6433
2241
9419
7297
3112
8688
1083
9015
6626
8747
5906
5404
8730
7394
2843
8806
6656
4797
7486
3580
2110
8787
7033
7292
2090
9896
7232
9953
9311
555
3471
8120
6599
3272
665
7672
7587
89
8520
8525
8258
5484
8737
850
6586
7978
4531
7889
546
833
8207
264
246
8499
8265
7400
4773
5533
7718
9424
6559
5263
9093
951
6184
4186
1722
2697
3190
8959
2806
7965
6096
3227
6608
6789
5565
2567
5507
8105
7849
7778
6464
6176
6819
6358
7525
3570
9981
3759
1521
6650
373
1129
3287
8417
8733
3258
195
8102
1388
2177
8031
9412
7913
2115
7062
7208
1527
4184
3085
6922
8143
3623
5285
6360
1761
7374
2629
9467
8437
3536
8693
460
5986
8360
3241
2140
5513
4369
2619
6762
3072
9901
2836
821
5181
3313
4348
7717
989
1243
727
6526
5764
5672
6542
9577
9266
1698
429
8414
8282
1993
6594
6933
9024
5444
3236
9553
841
8217
332
1250
2106
7388
5915
4005
8358
729
7196
1394
7089
9990
2325
7256
3613
5837
32
7356
4368
4790
7674
8066
8694
6842
5340
3447
5438
8441
4669
4619
6501
8811
2571
9316
8821
2693
7229
9566
8239
5795
9421
9493
7441
7858
6967
8565
7563
6584
4589
9185
5233
4053
92
4821
9254
8633
2659
6806
5816
7807
2655
7746
31
9146
852
1739
6278
8274
3629
1593
5912
5570
4076
9475
6680
3669
226
5519
7330
8581
6034
4328
4928
3650
9046
9867
2609
5627
2647
1088
978
2013
6004
1453
3600
7442
8038
9329
6557
9536
5641
2900
8857
1524
2994
8908
2634
4288
6091
7313
6766
4638
630
4812
459
5041
2873
5258
2466
4627
1472
3304
7980
3405
2854
8251
84
1724
4314
2721
3202
977
5580
6151
5475
6696
3807
8183
9134
9055
3500
4439
87
8240
8316
8064
8844
1992
1958
4
3850
645
5132
5647
1610
2417
422
1010
4021
6317
4062
6254
2447
1581
1460
4327
4494
5826
2850
9680
1679
5523
7449
3494
4935
9416
9880
7078
387
6621
7363
914
2615
7508
567
2677
6659
5089
5386
1876
4765
6920
2779
6059
730
3493
2354
6597
2105
909
6716
5081
8470
5269
6644
9472
3922
8074
675
3564
3768
992
6216
6683
7467
3192
2724
9784
3022
5654
3870
5042
4964
9165
9303
5493
8948
2384
9360
2108
5341
6907
4249
9957
4830
6592
3872
4841
817
9638
4848
7829
5577
8317
2904
6996
4206
3032
1256
7716
8096
4993
7816
6508
2227
5671
6488
2242
5650
1577
6539
6132
7217
7537
7145
3937
4375
8983
3928
9103
3751
2927
2415
3599
2343
606
9564
5701
6148
4769
7372
1834
4468
193
8939
356
7634
506
4017
135
2760
2026
1729
4730
1848
4603
9287
1592
144
6356
9611
3917
7253
1810
8945
3115
8205
6645
3661
6342
7195
7511
5293
777
5715
6238
4645
5594
2660
3086
4952
214
2966
9649
9259
1871
6600
3890
6177
1384
8137
6572
2954
9003
4094
4674
2727
6531
8104
6827
845
8684
2959
236
3160
8554
9375
3280
7753
1895
9541
7013
7655
2534
4256
7320
3578
4943
5509
2770
589
1052
9494
156
9127
8692
6528
3794
3318
5436
268
7625
4514
3530
6208
3283
7998
6905
6941
4150
3593
3758
5855
8269
7902
3560
8890
1857
6251
3925
1523
6997
4317
3186
5334
1692
9836
6918
1444
3988
7893
7609
8852
326
9198
9941
6491
3067
6496
3671
1306
828
7895
50
417
6536
8986
8970
6618
4357
6118
6564
1500
2786
925
3327
1538
8955
2359
8762
8683
7022
269
6304
6788
1327
3188
9905
6881
8098
6697
1579
1332
2100
4054
2616
361
7507
853
7069
149
3847
9396
3677
8858
2210
7939
5698
4268
1008
7310
9479
4096
2744
397
6936
8286
3329
9684
2851
3238
5899
7250
2101
2446
4341
6417
908
8755
1184
5678
6205
6804
2940
308
9909
3986
5760
1898
6140
97
7020
4671
1788
6286
3130
8071
7076
7887
8312
770
3169
9539
2095
407
903
1058
1990
8315
5853
4777
4510
5681
9759
7638
4979
9859
9279
6693
5663
2404
3898
6255
9549
6919
8337
6157
4001
6682
7687
6851
5978
8152
283
8607
8391
9641
8781
5619
4719
3517
3791
1850
8877
5706
4820
7317
9799
4272
5157
2723
6690
9583
1465
2468
2214
3124
2394
8665
780
222
95
2488
7529
8681
4426
188
4218
6343
6269
9804
2552
4336
3964
224
3084
9790
5479
2548
371
4240
7751
1038
8509
28
7260
9401
9232
6436
6931
1138
5323
3306
9343
9772
9406
8701
1511
5667
3875
9823
6744
1110
788
7557
3848
7447
1628
7626
1061
8833
7391
2377
2411
2397
3594
5850
6137
6793
9233
9226
1018
72
3136
897
375
6174
8041
3482
9685
2150
4646
6074
1867
7842
4139
7130
4767
1996
4404
2965
4542
1758
4300
8476
9018
7708
4258
3881
4708
9779
8136
6395
1012
6446
237
8894
8542
1060
8169
8813
7110
8228
5066
82
3923
2801
7520
5304
3081
5977
4954
5852
1967
7799
7827
1349
4438
5270
5743
9227
2752
5069
5086
1305
8677
7879
5467
8301
6150
8687
8524
1207
2309
3673
4304
6581
7878
7355
5253
6849
8035
3424
9879
2912
6284
5249
1816
9200
2889
1032
9569
6055
2628
6158
6854
4965
4942
7219
2276
1328
6253
8276
5200
8786
3243
3458
4938
5010
9038
6187
8460
6212
8381
8965
6958
42
1155
4749
2365
3660
8868
2333
4992
6037
3674
8224
8375
494
3165
3940
8019
1413
844
1685
5704
8729
662
907
4003
7582
2201
6668
2129
8492
8642
5492
5027
7840
3252
4945
4803
2303
618
1630
7037
5148
5947
3676
4907
9399
767
7501
4994
9670
2204
9967
9383
1073
5261
4386
8115
8247
5347
8330
6398
4770
5786
637
6250
5355
9115
295
1894
3774
3132
587
7899
9706
9089
1378
8511
4478
6987
2999
6769
4090
9691
8673
6367
1339
6302
7443
5710
4816
6676
7055
8479
1308
4558
3815
2822
1944
9731
9938
8752
4996
2835
1344
8446
5725
369
5422
2671
8295
8933
7142
367
1792
2345
4825
6181
894
9688
6784
8463
6869
8122
4834
1786
1540
5694
1259
9484
2056
3969
8062
7042
9228
7339
2977
390
2205
9898
137
263
6490
2622
9674
4337
7009
7592
8859
3698
9437
4520
1116
4072
6272
1445
1555
4080
2301
3138
5733
4880
35
1047
875
6520
896
1945
6739
9797
4312
7711
4419
3089
5937
8044
9481
4476
2087
8135
7057
276
6095
4471
4678
6389
1024
4486
2191
2147
4166
7522
7104
7661
9065
680
8522
5003
1942
9758
8497
5775
4377
5874
874
3804
11
1886
9881
8489
8110
8912
4788
6613
1097
5790
6502
318
5621
2624
566
8444
6388
8886
2754
189
9942
9480
9863
795
6749
476
3401
9849
4118
1602
4550
447
5097
3343
2698
8938
2605
9632
6547
6740
8615
7251
4469
1896
5742
242
3181
3911
8603
711
6925
501
1520
856
826
5875
1461
4383
2676
2913
5543
9948
3961
6934
3294
4061
1922
3497
7915
3368
6813
9972
8823
6033
9236
1086
1505
9861
5215
2
1569
1624
2453
3035
8353
5202
1567
620
901
9732
9355
7012
1244
8661
2125
834
6191
7673
9711
9830
3440
9579
4595
5930
8994
4959
8159
6652
6188
7962
7223
9855
6046
948
4473
6109
7676
5864
3187
9344
1053
5092
5734
1737
5091
5771
1791
8331
6040
1300
543
1507
6056
404
1293
8313
6957
827
6375
4909
9947
8134
6048
2072
231
1618
4316
9272
818
5056
6005
3148
7572
6119
3418
1915
3965
2686
3725
8879
514
6450
4838
1398
7113
1030
6635
6058
3634
2524
9834
1954
1973
2442
557
223
7668
5356
2328
1313
6493
4413
996
3416
2909
4331
4507
8910
6195
1423
1551
261
5796
1107
7334
8027
7124
5314
2477
2773
8546
9653
2465
1068
8427
9023
5231
7693
9174
5900
8350
1723
5960
8008
4974
2020
847
8061
6631
8320
2271
2635
7176
9058
7005
1287
2658
7650
5498
3079
4365
8870
5640
2243
7857
2970
9474
2432
1430
3779
5929
111
7932
5012
4030
3800
2347
5260
1596
1209
6459
85
6742
547
6764
3312
3308
7502
2998
8745
5131
6949
9614
6614
6411
473
6860
6598
4457
1285
9907
3909
6753
4900
491
7560
3208
1616
6873
55
1015
5363
1484
1904
6084
5571
6853
7774
5373
5226
4462
6866
9012
3853
7951
5679
5353
5569
3330
5326
8865
4668
7348
4800
2823
303
8426
6175
9671
758
1649
6000
945
2348
2046
2103
6437
3462
5190
5984
2841
607
9004
1920
3371
8418
3041
2540
5822
4353
3538
8640
9531
6010
4810
6863
7968
4011
5666
4541
377
2663
9501
3592
9452
1231
4710
5387
9869
4387
2022
2160
8671
1130
4955
3587
2733
143
7268
4615
4044
4530
9242
4108
6507
8765
854
3261
5919
3499
3811
8075
9720
7825
8079
7263
4801
1045
9702
5203
8862
1359
5072
617
1164
3562
4948
4297
3957
8867
3670
1443
8564
2747
142
6313
6371
527
8704
1434
5016
3442
7017
7724
1262
7350
8801
8468
7871
7056
7598
3557
5499
2554
9270
2027
9837
2212
6623
3144
2987
3638
8161
7845
5242
5476
1599
2971
9850
8566
9350
7620
5603
4544
1356
5530
6266
3532
5385
2039
692
5988
739
4243
5427
4043
5118
9792
1665
963
4891
472
378
2493
3984
9441
8958
1859
4226
4205
576
8430
7353
7576
7604
559
747
8172
3437
3082
3952
8021
6476
2295
6988
5006
7551
9745
9737
641
9197
6105
8575
4732
603
3221
4048
5969
7731
629
6404
2279
2804
6782
2960
5109
2469
7361
2308
6190
2905
4608
4563
8773
4354
9635
5410
4451
4634
9544
9513
6102
7065
9187
9210
5239
4422
6169
6787
6310
6100
6372
6337
2881
2342
8819
6707
360
1753
5424
4432
4278
5815
8371
6882
682
3680
5244
5284
7853
9961
3959
3787
776
4129
6365
2052
325
1312
8918
1362
6449
2654
4370
4846
2275
4995
6734
6563
8793
8810
9669
6454
7101
4023
6477
7898
1781
4700
4872
1839
3354
8393
9976
812
5291
4406
4235
232
2894
7279
5592
3176
3586
8335
5191
759
3337
8944
2353
7556
2549
8551
1926
5597
4663
5469
6517
7682
9151
69
6378
7947
7588
902
8232
4524
4124
9646
2482
2395
8482
7437
6131
4628
2058
1710
4064
2507
3595
1708
7697
5206
8617
3475
6256
6320
4153
3194
239
4729
6198
7098
5968
6239
6161
8323
725
7014
9152
1253
9492
6811
3484
4275
6532
846
5127
1690
6051
5913
2702
1543
737
835
6376
2004
9763
3019
3103
950
1101
1466
3801
3916
4463
911
5993
5587
3972
2728
1770
7080
2186
1304
7660
3456
5817
9655
3392
5183
3857
8797
4339
9713
8141
8540
7438
8829
8536
4116
5909
58
4165
5546
1219
9388
4049
4423
3678
46
4334
8973
663
1771
22
1034
5638
1595
1330
3270
8709
7211
483
6029
6583
8682
1440
8343
4349
8220
6795
5726
3606
3108
8406
1984
2995
3826
8631
4685
7757
6521
5085
1449
511
754
6917
1814
8459
6213
1406
9919
5278
6738
5379
2034
1997
3781
5529
2983
7991
4440
6963
6578
5944
995
5772
4152
9300
2196
9524
5062
6456
5154
7859
6556
6128
4292
7097
2071
8580
8641
1553
5237
3574
9331
3349
745
8759
4215
9796
9434
7785
2772
4693
5973
9395
3775
8929
6379
3834
3230
1811
9099
7882
7759
9991
8923
2794
7736
2040
6605
133
8619
7316
5295
3743
4007
2846
2955
4593
8766
1986
8067
9552
1988
9282
1741
6771
8332
6294
4401
6428
381
8227
4233
7880
3721
934
282
2406
380
4472
762
270
5128
8849
3985
7663
3953
3197
2231
6972
2471
200
7407
3299
6560
4252
4236
2817
1694
2330
6950
7023
4989
2937
3122
1590
5721
430
6748
2416
1801
6129
7703
5863
568
5413
6884
5708
2452
9548
8841
4403
155
3163
4690
3068
6898
4289
684
9428
9203
5976
6722
3158
7336
8053
6377
7862
1719
2288
3043
6735
5652
3007
2267
4167
898
5926
2714
6026
1268
4382
7803
8926
5887
9608
7445
8905
1321
7776
6183
1508
723
1796
3277
9365
8250
9327
2899
3301
2306
8602
1689
3303
6820
9364
9682
6438
611
6426
6985
9145
453
690
9591
6823
1636
3092
5691
5280
791
3942
2273
1281
4130
7701
7188
1151
3296
4577
4887
7892
8725
8892
4639
3407
8212
6406
6093
8774
4318
230
2738
6723
1873
761
4535
859
7369
9925
2901
5230
7521
7120
4302
442
1479
9077
4147
8271
8669
1230
6218
9782
5635
1775
8351
3147
3315
6544
537
8001
5902
262
7534
3422
8219
7928
9393
4722
6815
9267
129
7011
4893
2778
2001
5971
8165
2474
6768
357
4232
999
6244
5797
6108
9542
5616
9984
3314
6060
3239
1435
3802
3217
1176
3640
1751
1640
7945
654
7721
9761
2263
613
204
2896
3641
4083
3547
1238
8486
9739
4571
3798
7627
1093
8919
1974
1066
1174
5453
7205
4505
876
8820
3394
658
8676
6039
3991
8076
2363
9309
5197
9741
2811
7493
7273
2742
1282
3542
9908
6993
9220
7569
4981
4182
116
3614
1375
6899
7157
3352
168
1084
8978
9576
8690
7170
1611
9496
1635
5207
3321
9121
513
3792
4939
4198
6296
1884
1457
414
3001
1889
8635
6393
4107
8840
3412
1337
8244
7389
4889
1803
4106
5169
6779
9773
7093
3585
5024
7783
2385
3778
7226
7707
1981
1329
9374
9882
1254
2422
2600
7150
2222
8099
6601
6629
5904
5589
5193
5400
9454
6349
5828
5502
6067
5054
2865
6483
3253
5250
6126
4913
6998
1103
2673
1603
9418
563
5779
5254
6514
9314
6075
598
9464
8570
1877
1070
386
8306
1417
5879
3126
7631
6710
1258
7090
8421
2785
2171
4035
372
3485
5359
3356
9809
6596
4399
5762
5768
4307
842
6671
7833
8734
3539
3684
3288
4676
3904
2131
3254
4498
5167
1949
1074
5004
26
2519
6654
6172
3143
3704
8587
4351
7843
8556
6698
3648
9255
115
6903
4506
7714
6846
768
4057
3565
8
179
6322
2290
4715
1684
6534
2527
4568
2819
2164
887
7719
3639
3338
6499
3011
9677
125
8453
9826
2824
2463
9778
466
1275
9451
6702
7583
8424
801
3172
5179
6124
2582
8377
661
3344
6777
9113
76
2701
4776
782
1020
7764
6765
549
7960
9283
4847
553
9902
933
9141
4998
5773
9410
3841
5668
7473
1914
4758
3761
5581
1975
7490
6945
6134
6822
7412
8770
8600
2826
4561
9483
3796
7983
6548
5116
67
3383
2787
273
9930
6226
1134
7696
3855
1266
5945
3889
2946
743
6382
8214
83
5134
9136
6049
668
5559
7198
6351
8095
5563
609
9251
9821
6634
2083
5388
9106
8750
2830
6453
9102
9822
2118
7541
4204
8190
4489
2059
9389
9666
3874
3550
515
158
3551
3582
9535
4446
7284
6850
364
1832
7728
3945
4271
3017
3770
2840
4170
7607
173
20
1283
1150
5113
9733
4415
8656
4582
8140
5159
41
4385
3083
4445
5310
2739
2529
6981
4924
4598
6407
5060
569
9897
6155
5877
8843
376
333
9964
3128
7623
6473
1100
696
6533
1143
4101
6295
2810
8798
5267
3711
5805
9239
2855
6061
1875
8054
2070
9604
2520
3295
2389
6110
1172
9367
4679
1474
2156
3104
5319
7216
7561
7517
6386
5211
2569
3962
8309
8262
8756
2919
9048
8855
9209
2923
4594
5927
3234
2730
3873
1744
1509
2117
9206
3059
8002
7685
2522
1389
8124
4692
3997
75
4442
6135
1589
6638
4138
9304
5788
9800
8911
7585
5653
3411
702
8091
8605
7480
6392
9080
2215
2074
5441
694
405
5610
6259
1353
6522
9323
2956
1631
4640
3688
3795
5201
4085
1092
6982
2542
6451
3697
382
7489
9166
258
1760
9033
7866
5129
4488
6452
7246
4359
3096
4687
9020
3251
8103
4251
8993
3477
5612
4625
9563
9188
9509
986
4112
4191
851
5038
2683
9794
7135
849
8902
4521
3803
5810
2426
6227
2097
8084
6152
6052
5374
7001
8999
6209
2449
5443
9497
967
487
420
803
4376
2041
1891
4298
3021
5332
4042
6112
1707
5205
7789
6549
8722
6995
8513
2368
4238
497
5830
9264
206
1793
8097
1634
704
8716
9433
1029
8831
8185
2060
3505
7156
3982
2260
9559
3654
6808
4082
6914
751
8188
7431
3643
8629
3240
3428
5080
9098
9760
3666
5557
6024
5851
5954
5338
9884
6655
3501
9719
316
937
9736
5838
4731
9411
5702
374
9417
5955
1994
4932
1542
7075
6516
8408
774
6844
4552
6721
279
9817
5358
2593
6989
2057
7444
8528
4122
1190
4504
2700
5716
3320
5420
9795
8475
8675
5073
8155
6265
2181
3107
3668
6675
5053
8964
309
6383
6960
6487
7863
9285
9238
8783
7839
2480
6880
4540
3788
1411
4175
1400
4193
2073
9937
9980
1269
6639
1368
7429
9156
3199
5766
1888
2015
7027
2224
6465
8490
3810
8541
4647
7484
2151
4497
60
7704
7352
9729
7756
6494
8753
3987
2818
5376
712
9640
9129
9622
5508
154
8177
8000
6912
8571
869
6115
8950
6632
1720
9469
9318
9223
2122
2487
9865
7989
9989
4392
4402
7469
4712
4508
1014
5677
6142
5789
2769
4174
7144
6002
5985
5141
5514
5894
5670
6794
5532
5939
2250
9258
485
5599
993
9313
6197
9225
9317
3060
9870
7224
8931
6299
335
8698
7423
6511
984
4592
9387
7468
2758
962
1193
1170
5235
6868
3636
9277
5858
4720
190
9289
2976
4374
2589
1369
3111
9978
2546
9260
4088
8623
9295
8835
6044
9858
2450
6513
8399
6999
3008
8329
3453
2000
7573
9886
9802
185
4014
1493
7679
1620
5478
2558
8758
8280
9095
6579
5784
2173
7987
8439
433
2193
1661
7019
4414
6684
5133
3146
4766
4933
1459
4607
5445
1102
3367
6767
8647
241
4371
3389
1051
7589
7068
1464
1156
2176
8930
3386
1823
8834
4799
1742
1496
2814
202
6440
4264
5466
8940
2011
7051
5324
9885
2645
2910
2788
6070
3784
9887
1037
5787
182
7061
3591
6287
2532
5528
8621
9936
3878
797
1334
1776
1182
7084
512
4352
4630
8516
3906
53
3003
1089
9621
3047
9965
8971
3554
6090
3131
9408
3004
2672
7527
1824
9334
3461
98
1925
7457
9717
3247
8117
6047
5856
8808
7775
2088
3496
7345
5736
3467
8699
5541
8385
1755
7694
3492
1951
9458
7599
885
9017
6776
2886
8014
8941
3057
4605
3342
9695
4060
3854
8432
6290
8125
4216
580
4025
4346
9776
8485
5031
8069
6611
3930
8042
9438
8645
2691
998
3224
2219
3980
2381
8366
961
5908
6079
5574
733
7343
1883
1750
3902
324
1919
615
3955
6580
7199
6745
6856
6088
9728
1488
5964
651
8149
4380
1687
4862
7214
6127
6510
3782
9131
5426
7608
9057
6229
8900
7471
9525
4105
1302
9163
3222
3679
1324
7242
343
3468
5697
8400
9322
2755
8593
8589
8724
8558
1939
8085
2050
3474
2443
9788
1403
5665
8241
4121
8131
2707
7398
3750
8728
6681
1189
8231
9423
6182
9753
5644
3237
6315
4099
7147
4702
6555
9700
7691
892
9660
1183
5842
4785
8816
5534
6695
6413
1995
4527
5739
2289
3840
3149
3020
5103
953
368
3414
2706
1175
6643
5657
9623
5048
7028
3626
8769
1385
1703
1446
7417
6746
9182
6346
815
9397
9384
4682
1907
2661
2842
1584
4502
4733
2670
8256
9607
7499
2704
9230
7944
8578
1928
1732
9207
3708
6410
8568
7121
616
8703
4180
6879
6038
3211
5905
941
8622
5013
9735
7151
6206
6824
2064
9555
8947
2922
1558
794
987
228
9866
9705
9754
1874
8370
57
6798
7752
8744
5327
8101
7446
9310
2410
8527
881
3106
176
1180
6018
2157
7536
3545
5575
3520
8521
1217
7270
650
1638
6125
1918
1340
5228
2278
5122
5718
2930
1819
6751
7532
9302
2608
9673
2158
8372
1607
2298
6781
1168
7305
8534
5738
6457
2578
9620
3054
9874
3681
3248
810
6980
1982
1671
5437
340
5120
1808
1910
3577
5818
288
314
5022
9709
3950
5990
2398
5572
7509
6224
8451
8445
6353
5687
4326
7308
3607
5886
4162
7540
7916
7615
7760
4270
6525
9056
4210
685
7415
5804
9321
8467
2155
5067
7897
7580
5630
4052
1903
4557
8344
7021
8975
3478
8242
6821
2036
3588
6111
3152
7312
5987
8245
9659
6719
7613
2187
6864
5881
5793
5430
755
9054
6757
7162
8666
734
6312
5918
565
4566
3345
4450
4068
7096
1003
3049
1290
6370
5393
2310
8484
1666
358
4726
1934
4662
1623
9120
660
7974
6929
3722
7791
9912
5345
3842
7635
1404
6552
444
3397
7390
260
7838
570
1510
8176
1655
2775
1571
6663
805
4744
1260
5898
3637
4759
7745
3518
3656
666
9250
4070
3752
6069
6647
4381
6397
8800
355
1550
7117
4538
5878
8584
296
958
3977
6890
7424
5683
6758
6783
8764
7494
1578
9808
3264
4355
1346
6199
5792
9615
3978
1955
6800
1583
1225
8121
6991
1179
3735
7280
4199
8977
597
183
6725
6944
2364
7322
9619
4999
8850
4761
7614
6203
2002
9899
5124
5434
5504
4340
2845
7451
9148
2051
7288
8487
5268
8128
1035
8328
9248
9724
7867
9167
1416
498
8659
3129
1541
3207
7815
2975
9644
531
9050
8512
4686
5558
8695
3319
3692
3913
9362
9072
5033
1534
1851
9404
3739
1227
5449
4214
4364
8009
7959
6750
8267
424
395
3900
13
7091
5490
4602
1470
8557
2382
5540
1096
3856
6976
3509
3195
441
3065
3193
5907
4015
9532
9361
2383
5119
5496
1845
9975
7452
1221
2299
5149
4092
159
8308
2541
2809
5321
4885
5895
2322
8530
7948
4211
3558
1223
4949
3375
8420
7828
8951
9291
5325
6101
7931
8493
5286
8346
5390
5636
5245
44
9128
8510
7183
7185
428
2188
3569
8625
5840
6658
6164
2667
4074
1529
6970
6832
4397
8711
2816
4618
9179
2536
96
8514
5407
3091
1131
229
9599
1145
8012
7503
6604
5491
6196
2326
5178
9954
9022
3307
298
4091
2967
2925
213
4095
9970
6247
2729
2409
6796
7741
2424
7822
9985
4775
9280
8696
4325
5339
975
6858
7596
9750
1153
7967
5730
1836
6472
2357
3728
1433
2799
1849
7886
3652
923
1976
6062
1246
8472
3423
259
7456
2102
3705
3362
9457
806
5981
9064
2128
1075
8139
4560
4978
965
7600
5318
720
6380
6352
9718
6035
1441
4274
7265
5255
2958
1476
9219
6872
2268
4815
3034
9312
5598
2280
6943
3346
3196
526
9281
271
4202
8039
5195
8127
8500
4405
9370
6014
7119
265
2968
8562
6527
9768
8567
931
3018
1633
1950
4301
5629
8494
2989
4573
3714
2316
6640
147
966
9205
3024
4164
5147
5354
1322
9135
3604
9294
6424
3831
33
7470
1864
4918
9308
6117
10000
8132
9820
9921
321
4185
2099
9216
3324
8461
1650
4485
2935
3976
2272
346
4599
3271
7212
1082
9627
5030
2607
2933
3166
4695
545
8182
1016
9247
4247
6163
7645
8116
3843
7455
8954
5890
9698
5418
3622
4991
4418
7504
6300
1575
9676
3487
5975
7472
2496
2980
5511
3351
5145
717
7506
3113
7266
1856
1573
8300
7530
5749
9192
6875
649
175
2127
7952
2461
9119
216
4097
7032
2396
1025
132
522
9747
124
1363
6083
88
8293
9642
2789
6478
3273
7450
9812
1113
935
6574
1432
5857
233
2953
4031
6425
8794
7140
3718
7918
1762
2757
822
3813
2454
4395
6422
2828
4632
940
2032
1323
7099
3048
7973
184
3707
3830
9429
3341
419
9971
1135
5246
9503
9275
9590
9159
3305
7629
2190
624
2679
722
9249
9931
5114
9011
5680
2405
9268
6028
6780
1462
1937
7941
9616
1881
880
7368
4734
8246
9588
5848
5196
4148
2963
6162
8901
7163
77
1448
7578
2402
713
1185
8403
3498
8204
2791
8384
9679
8435
7713
25
280
3452
9609
6840
5942
1969
4273
9860
9841
5028
5265
8784
7747
1069
2331
8740
2664
4093
2883
5868
7735
3971
285
4844
590
3947
4819
8598
5791
438
949
3121
297
4213
956
2455
9943
9180
5745
4145
8037
5212
8073
2217
8591
866
8792
6714
1657
8582
2510
4972
8817
997
679
4128
3943
5625
8535
8614
532
7210
9293
1213
8057
5759
4576
7992
2448
1229
8904
8577
2178
4683
266
9983
799
6292
6616
2576
772
6289
2891
3179
7750
8349
6314
3880
4416
588
5234
9338
2503
6479
5722
1026
8988
3887
3275
5661
7784
5044
5800
583
7371
9201
5337
9044
9877
6331
9204
79
4158
1396
5248
2315
9037
6065
3363
363
4840
6886
1085
7810
3699
6434
861
2098
882
2146
5364
7535
5240
4861
3616
4721
3044
3244
8778
659
9025
2234
4947
2562
2892
9580
7505
8657
4546
1709
9117
1686
9446
3426
2337
1615
6338
1564
5198
6503
2928
1218
2716
3140
4143
6419
6810
5259
1420
5297
4484
3268
8304
5462
5008
5223
9284
4705
6006
5824
8880
1139
8052
8254
2379
4864
6952
9766
3571
7868
5806
7819
9529
73
1487
8897
3334
4467
1017
5014
5150
2982
448
6082
3088
2921
7570
1125
6674
1475
4379
5719
3845
2247
4171
9527
8338
3173
9402
7354
7925
1829
8574
1418
9819
6328
8063
108
4026
5025
6646
8059
2045
8184
811
2708
9922
7302
1409
4962
5849
9074
2456
192
6261
4110
7066
6242
3709
1526
5370
7771
4286
7935
6237
65
4499
8639
8236
3093
5659
3777
5057
9661
2111
5882
6470
3101
8138
7414
3929
9122
6571
210
900
7698
4428
169
6145
4338
985
4897
689
4303
3396
5700
840
4783
6828
7420
7337
434
8592
289
4389
778
1654
8616
7512
8708
7286
1604
8672
3119
2460
7138
6700
8979
7221
7896
4854
3260
8998
2990
9060
8158
8597
6275
2169
217
9337
2030
9929
4824
6538
2144
9175
5262
301
8218
6405
436
687
4590
6309
9725
8997
341
3541
4290
1211
9132
1162
9807
1576
5510
2484
8706
1677
1050
2068
5573
4842
7767
7610
6874
7239
6582
830
9714
8455
4029
9176
1187
6016
6318
480
9506
8278
1355
5084
2805
5461
5429
4971
3581
7667
6814
5693
1294
3659
1754
8111
5406
2715
2705
8847
4836
2349
2203
6942
1682
471
6081
3884
5395
3249
2838
6799
6234
7281
1667
5941
915
9798
4863
7979
8007
9324
4040
4430
980
9716
7112
1013
9366
3488
5643
2053
6283
6648
1946
4591
1405
9234
4977
6221
12
384
6012
7513
7566
3174
1482
4736
8425
9021
7189
8851
235
5333
4424
7662
1233
2504
6374
7905
4313
2403
4212
6192
2438
2497
9390
6066
3974
621
3153
3033
9911
9075
9504
3466
6865
6147
8573
7366
186
3713
9169
7139
7047
3050
5046
2091
3361
7386
3170
5827
1
3502
878
5626
1784
7396
8154
4626
5160
4410
5845
2867
4737
7725
5952
2130
9218
7669
8157
5287
2712
9554
7241
6701
786
6835
3814
6666
3435
1548
1270
4925
9094
6877
243
2321
7740
8727
1777
450
2291
982
6489
2175
7666
2324
1991
9059
7102
2400
5560
6947
1000
8109
3395
6068
1011
1154
3877
4980
4104
2943
3797
9070
9346
4277
3256
5208
1157
3450
646
7303
5405
274
3859
8710
3276
6130
2750
8215
1401
2613
3071
5171
2531
7643
1566
9040
5074
9917
7004
8032
4653
1833
383
7174
8443
6664
305
9253
3425
2478
2924
595
2264
8775
9449
9468
300
719
9581
7007
5277
7095
8705
8595
3263
6743
2740
7178
7237
7969
872
8168
400
4178
2063
862
5539
1766
8608
936
123
1861
9946
1374
1504
2859
2014
3820
1127
7999
7244
3780
2880
6319
5219
6344
9083
7291
3827
113
3031
2352
7949
7798
9211
4867
8544
2914
2514
5170
1046
9538
292
4259
2936
6628
7801
504
3754
3218
9521
4673
4739
1606
5275
8272
8412
3568
3317
8996
2528
9328
3114
8899
1680
7495
1952
2718
3512
2018
9810
6222
5474
5209
5168
9116
1879
2061
1908
2996
6612
4078
2591
9785
8768
7936
3756
1869
6156
6236
4032
7143
2939
4219
1562
7820
461
4056
5501
8362
4808
3540
1307
8151
7274
4857
4622
8586
3300
3000
1132
7617
2089
2182
8555
6201
5946
2945
9341
253
247
4796
3738
4983
7043
9407
7123
9196
7834
9016
6630
7454
7742
5140
3888
1212
6260
3398
5238
8040
153
4141
1652
9777
1769
2393
4623
7397
7773
600
4055
7010
7988
1372
7122
2560
2803
6297
4904
2590
2518
2286
1326
8186
5860
4296
8751
5107
9385
6545
906
8987
5956
2168
9844
8477
1104
7835
4567
2170
410
912
6662
7710
728
5485
4120
5322
5416
8832
4747
1133
7971
6540
4898
735
7658
5224
2423
5556
4038
5105
7252
2124
9463
2566
1204
5922
1106
6971
103
8469
2827
578
6364
7890
1112
6043
7230
408
1114
7758
2031
2537
8257
3740
9854
3444
9363
8226
9835
1397
468
2753
2584
4858
705
8081
1072
9173
7177
80
5382
594
3849
8415
879
9696
6703
9138
6481
7206
6715
8966
2486
9002
6893
9523
1644
7269
5473
1354
970
9442
2174
5870
4239
813
9585
5980
311
5292
7873
671
9447
1743
8452
3824
7384
7031
1215
9342
2062
5567
9143
8837
5660
3556
5777
5859
7245
166
3151
572
9241
7460
1506
9829
100
2915
4474
2598
4487
9403
9486
3364
763
440
619
8273
1619
6235
5521
5794
6369
4578
631
7659
3865
8606
313
1614
7977
3177
548
1002
4230
3983
5162
8943
8547
1701
2618
4787
3171
9150
1146
9333
5632
8723
2595
7538
7831
5456
3381
2792
4621
8942
99
8599
2926
2245
8630
8680
134
5447
5974
7416
7421
4137
1805
3675
2802
9791
5402
2373
5357
5515
3436
9915
2674
8976
5552
6025
5019
8818
5108
4664
2253
3527
592
2439
1426
4754
8838
9883
9662
3372
2795
5752
1862
1091
5029
2631
9162
8126
4855
3348
7393
6228
871
7531
112
3832
9959
2283
7832
7462
2869
674
1669
7656
4126
1343
5389
7109
1643
1463
7865
3694
4156
9013
7225
6097
7852
2294
5163
736
8707
9105
2884
3133
7293
5757
8480
8552
5049
2427
3534
8481
8361
4459
1076
9918
5776
6573
234
6268
4192
3185
7528
9078
9073
8233
7072
5783
5306
3543
5365
4267
2606
7571
2236
7574
7309
9288
5161
4039
3439
6232
1807
2969
5639
6429
7248
1933
290
2762
1414
524
286
9612
5143
5966
4155
3274
9335
7964
3220
6460
3525
9624
1331
4902
9560
8824
1469
7524
1962
716
8327
9443
1963
1365
7910
4228
9656
1057
4536
7956
2783
2230
6271
7497
2136
7860
118
7554
3215
5731
6541
5075
7492
9734
5349
1491
973
6264
6402
9488
4637
1734
1031
1539
9842
4779
9045
2274
5165
708
1670
6953
5403
5606
3311
5617
3443
3973
5576
7465
4967
5542
1544
6373
4140
4207
5098
389
1900
5068
2500
1333
3015
8471
8213
6518
5735
411
2665
7870
6064
2594
8153
4774
9672
109
8934
8051
4554
2610
2464
5350
9862
4310
8077
8803
3209
9775
6885
4063
8206
7053
1812
1961
3290
9053
7070
3726
5454
6435
3286
1718
4549
5778
8754
6785
5256
7392
9006
6414
957
2116
7129
2825
6505
9386
177
7641
9999
3154
4665
2492
5076
8531
3601
1220
6909
7000
2229
4826
8518
8028
1662
2694
2435
2351
2626
1335
8302
6194
2579
7167
5880
7235
4020
1699
8024
2776
6326
6908
596
9459
7200
9926
698
3702
5296
8456
3127
170
5564
7523
3903
4435
139
3473
7802
1865
1341
7665
3863
2093
8252
4707
10
7619
4449
467
2388
926
6590
8660
5535
7227
7024
446
1557
4984
2239
1757
562
9126
1979
9629
3956
2920
544
8563
6677
4792
6133
7257
3226
7209
1264
2355
2211
2216
4675
1822
2009
2563
4688
4532
45
8268
968
4133
8055
9960
1492
2391
9130
3331
9092
1905
2782
5352
7428
3267
6166
7448
3789
16
1835
2991
8839
4067
9769
2726
107
5199
9202
5023
443
749
7168
8895
1486
6030
6913
9558
5096
4937
886
9444
3749
2974
5465
4347
7848
8341
8662
1763
910
8626
51
6391
463
4089
7706
3255
4294
8216
8860
3325
540
3023
7924
5088
4711
2538
7616
3602
4706
6262
8354
673
7516
8644
3741
8655
9815
4648
1978
7908
4987
3377
161
7875
4134
3951
3242
1646
3610
3472
9326
8119
5481
9992
1452
328
7118
2444
4609
9793
3683
5995
8060
6588
7684
6661
114
726
9920
5187
3385
1825
3941
2585
3589
8147
3583
102
5368
7748
9906
642
5111
5685
5989
1587
3061
3480
5142
7081
412
5967
2323
7401
8561
5311
8799
7715
8981
5184
5834
3522
1688
1197
9838
9051
302
8953
5375
5316
5071
7202
5628
9269
3876
29
1813
6954
1454
6979
7500
198
5622
686
9100
9923
2508
6968
2952
1447
2592
7373
68
9510
3384
5903
9154
6354
8741
6786
7637
5965
2630
9540
8046
5225
6900
3529
8318
6233
8388
5217
9450
8742
3369
351
1120
9477
5781
3786
9263
350
5408
1716
3736
6285
23
3298
2872
5194
2741
3617
7426
9595
4234
131
8888
6975
2797
4073
6857
8738
2370
2479
1923
7957
5383
3278
1878
9332
2732
1966
221
1501
8397
7362
2372
4915
4246
8200
209
1513
7900
8658
5064
2942
4436
8363
9140
3632
9514
5675
8416
3402
7567
3245
8718
5185
974
1280
7796
3700
9456
1478
6089
6809
4004
3481
6173
81
4724
4575
5582
1278
5525
2678
6737
9570
9993
7677
2888
401
1800
117
932
9026
9593
1727
6366
9372
2145
2356
7901
7762
3893
3765
5299
9994
6826
3838
3409
3379
9368
8277
9482
1255
9668
4188
3135
5751
3039
9382
8553
4871
1674
5371
1582
3995
3490
7153
4916
4465
1118
8638
701
8429
8162
1802
542
4109
7236
4448
6550
809
8869
7510
3178
9193
3078
9998
9935
2689
6529
8112
952
9349
7220
8885
6838
2680
4917
2195
8872
5315
7788
8836
5137
6619
439
8583
9637
2722
2807
7850
3852
4046
8952
7664
281
7295
5758
5435
3250
8533
8005
426
1627
7289
7413
1970
2386
4501
7482
9647
1485
7332
626
2790
1177
7402
9755
4950
4201
5283
1658
6333
7127
171
9813
3421
1840
1809
3731
6042
5037
6589
5494
1733
4807
2780
1121
1621
7994
6718
7038
1651
3647
8419
7346
3233
1166
6606
6207
3732
8123
6430
9261
5839
5417
575
8365
8560
6385
510
4946
8854
5522
9895
1941
4320
6772
3905
4748
5489
8010
3548
6966
1437
9534
6355
1350
8790
714
4079
1731
2434
7184
5949
5380
7179
1055
6733
3963
5809
6754
1144
2539
6523
3701
1892
1659
4780
7795
5229
6274
7611
4716
4144
6837
5232
4515
4681
6706
6348
7675
4458
8664
1695
5459
4604
7584
5470
4245
7166
1393
8342
197
244
8830
3026
4649
2662
9657
2646
3063
752
2637
4123
8411
6202
3748
1431
9827
5765
1774
798
7765
7577
3100
1940
6731
5883
2017
1226
2314
6803
3646
2574
5017
9928
7568
816
2369
8712
396
5257
2938
677
4163
2512
502
2172
6154
3627
3387
5432
3142
1532
4241
3611
4482
7995
6500
9878
9752
4280
6146
5177
8423
753
196
3618
6704
8881
9893
9473
458
6627
7064
336
9298
1821
6
3744
8259
2898
7813
1885
6019
7612
1717
6871
6200
8967
1276
5651
1887
4879
2319
9712
7088
167
8809
9727
6114
3862
1163
5448
3790
9439
465
2639
9786
9243
7164
5477
6045
1458
5115
5584
9379
9000
9063
4596
1158
1502
6641
9940
8871
163
1292
2491
558
9573
7054
4523
7411
8249
1192
4189
647
5094
7914
5867
784
5480
8466
3934
2749
1288
1588
5102
1826
8118
9828
9864
8772
9757
7427
5172
1965
3767
2688
9087
2023
2764
7565
919
2414
1317
9848
4330
5755
2575
3864
6340
7085
5288
820
5866
2906
5106
1483
9420
1519
5727
7686
865
7132
120
858
5916
9222
3649
8255
7364
2784
8223
1267
7926
5264
7344
5330
294
322
6983
8171
6902
4319
7603
449
9663
1702
7961
4362
6078
824
4750
2254
7008
43
7433
4022
7805
8668
5401
8357
9271
7794
7761
8980
4559
7996
1429
5669
4208
5093
1795
2517
1303
9892
9430
1935
2044
5583
9587
8648
3696
7552
9069
4058
8106
5488
920
4906
4961
9001
4752
8825
3851
2793
1379
6591
5500
8651
2302
9977
6685
9096
7418
1043
2617
5055
8324
4809
1048
1471
9276
1467
1764
5130
7920
709
9111
7680
5472
70
3573
8056
1806
8822
8311
6956
1841
2360
3431
6699
9325
9112
8649
8609
1663
3944
8519
9571
3723
4814
785
5658
3353
1852
8632
2109
9079
9546
7328
857
4697
2648
7553
4470
7722
7487
93
1196
3662
7409
3134
9722
1756
4361
1901
331
3966
1572
7086
9526
7238
1319
6576
1948
9107
4624
2473
6021
2751
9748
5951
284
3246
7792
3293
3968
4281
4547
7464
7766
3809
538
1345
7855
7160
5770
8433
6535
47
2533
3225
3052
3615
5156
5841
3579
3228
6717
2951
699
4254
6421
7335
9108
1165
3690
4066
550
9814
8279
2588
1535
1477
4794
9687
9354
9217
187
7126
4927
6023
3858
9062
7
1647
3808
2561
287
9701
7459
7213
4772
1721
2711
536
3175
7453
1473
275
2699
7315
4388
1931
9005
4224
9740
4874
1228
979
1364
4956
5561
38
423
9042
3706
1629
9951
1261
49
4581
740
5100
1126
8689
8022
15
3885
9667
4409
1676
8092
3310
4103
1442
3010
7922
5061
883
9478
225
1844
6561
2238
1780
3799
8026
3746
8488
1735
1637
9811
670
1059
5844
7015
2709
3621
8853
5566
3373
6969
2596
5125
8921
6852
1159
4161
6607
5744
2296
3715
8743
9519
3576
1912
5415
7606
5843
622
7323
4784
9027
6305
4556
4248
9832
9704
2154
5780
7856
7058
7602
4651
9306
516
8719
7360
7287
251
2232
638
6831
8017
3219
3733
7744
7562
2366
2483
416
2860
7986
9783
1759
2829
141
218
1289
3693
2361
807
145
3105
4873
9435
2675
8483
7380
4763
9568
3076
3183
7545
9574
6243
3590
9398
9336
7357
4883
2185
9052
1495
4908
1556
6165
633
5047
1927
991
5921
5135
6458
7218
9010
474
4018
5391
6258
9502
3403
773
5746
1065
9380
2166
365
2161
6585
3816
5862
8296
8957
4517
1528
4324
5884
2162
5551
6104
6442
4434
2597
2033
8697
9144
7595
7621
2019
5914
9602
7942
7864
4689
8187
5645
9194
9252
9537
5648
8873
523
2745
4041
4244
6964
8396
8856
4778
7016
9183
3366
1547
391
2501
6946
1044
1410
5943
3506
8065
9286
9631
5303
6471
8863
2016
2197
644
4332
3118
9086
2207
636
7526
1366
5756
6855
5018
6249
9191
706
4516
1911
2069
9949
2861
8454
4098
7700
9221
848
519
6959
6036
5158
9292
6461
3012
8387
9598
5696
7434
4009
6468
888
8646
2459
7149
3073
5052
9460
6720
6932
7921
3712
495
2206
3449
9358
499
5336
2543
4008
8275
500
5399
7193
3408
2149
9153
1152
1938
4154
7359
691
4412
8594
4479
3992
5331
7376
3926
8148
3844
7318
6770
385
6144
2407
3635
9723
2874
792
3167
3257
823
8804
693
354
4701
8507
1736
3685
304
6231
3915
2378
4429
9774
5372
9675
8303
9586
7709
1785
7197
5723
7683
5620
5717
337
7187
7990
1906
3651
1924
7624
174
6543
6495
819
5682
2849
8779
4176
8702
6509
529
5251
640
3479
5586
9378
9359
2765
5614
7514
7564
7777
1115
9708
4231
9507
3737
5531
5821
6554
7823
715
9843
9235
6123
2412
6802
3198
7304
9767
943
1095
5110
8796
6335
5227
7404
1552
475
7861
3322
6622
6170
7173
2220
4016
893
746
927
4227
6859
6276
9871
3030
9104
201
1316
329
8761
838
40
7272
6569
6994
9589
3125
9485
4500
6087
8281
4899
4495
4652
4975
8401
7440
7341
8776
9781
2284
8907
5035
4654
3206
1222
8922
2327
5932
6009
7891
4306
5414
4837
8579
4511
3460
4976
3521
8197
4253
843
2550
4000
3695
3445
1660
9049
5740
6293
9036
4384
1517
9963
4425
7025
9039
6546
8368
3839
2029
972
2657
1641
947
2858
2420
1746
9212
9678
6687
2067
9891
4417
7546
9440
574
7006
6327
6041
8336
4529
8782
4033
7830
9357
5446
6755
9933
8431
718
4172
1909
7108
2451
344
9491
6141
36
8198
6245
5920
4157
829
8539
7689
8164
3818
9278
7874
2713
6649
3860
3998
8736
2374
6466
3069
6910
1489
5440
327
8339
2632
1257
3603
5002
7275
7063
924
7797
4901
8025
9515
5891
7116
5602
1087
7327
150
7720
6829
1205
8572
8982
1274
2445
1248
4512
8473
7190
1063
7306
7249
4714
7349
9699
3825
5833
457
54
227
2021
4002
2107
9345
6816
742
1827
6339
5342
1648
4117
738
9301
7593
5729
2815
1600
1109
1804
4760
5854
9707
1880
3098
8946
6230
4570
4986
5692
1235
2748
8023
1789
2763
4725
7907
5095
990
9035
4135
5869
7927
4888
6843
667
8290
863
5309
6225
3764
4050
140
5516
1284
6143
6099
5605
4260
2564
1580
556
518
9090
930
9246
8170
3463
1745
9161
7203
3757
6515
9626
5611
2081
4087
4614
5633
2903
6537
4798
4564
4745
7321
342
4931
121
955
5487
37
5175
1613
6906
1818
6214
8654
1056
6889
1390
4990
9487
2297
3949
2620
1678
860
3162
6961
5082
9133
2281
2300
586
2852
9158
8788
7276
199
1828
9505
7824
8893
1178
3087
3191
6984
7476
5999
3157
9245
9693
5673
3223
7769
3184
1797
1712
7723
1820
593
9229
890
707
3074
539
6636
6756
4572
681
7436
9490
3058
9426
8383
533
1612
2257
8826
9845
2126
2390
9839
4677
9181
3871
1838
7985
695
9762
9853
5555
7383
922
7207
4481
1167
6057
981
2882
1141
2525
353
493
4329
7282
4295
8438
5819
5637
9307
5996
5901
451
6050
7182
5593
9613
9157
6747
7903
5961
1081
8501
1124
1748
683
4944
6797
6577
3326
9996
6678
462
7419
1858
319
7808
6568
1079
6241
4735
4084
1768
7259
7258
9648
4884
7422
9683
8191
9178
1117
2304
9043
1421
1357
3434
5329
9652
2413
8991
9352
8549
127
6620
4966
5711
4190
3388
6713
7381
7333
5045
323
1161
3835
9533
5378
4958
9014
8611
4743
8576
8613
994
4969
1503
3284
3214
21
2198
8585
4579
4565
2601
2132
1740
5155
6159
5624
9465
2341
703
3433
3515
3323
3380
8150
5763
4283
9913
6504
1318
3335
4453
1767
345
3382
1296
602
9952
4755
6624
664
4217
9545
317
6694
4611
9914
7483
2813
7814
4444
8653
1077
1377
2387
110
6705
3355
964
6977
7439
8543
8193
3291
5174
1672
5343
6415
2248
2476
8428
6657
7919
938
148
8989
62
6951
9137
4125
2577
7377
2941
2208
6092
7294
3182
2024
672
2587
3201
9903
1210
2159
4771
219
8090
7618
349
5803
1921
4876
4580
7137
3967
3027
6408
2282
9927
3212
8876
2682
8225
4696
178
6303
6316
3399
517
9508
3657
7050
4982
160
9431
5737
2568
1545
1866
9436
9689
3665
482
5312
5397
3120
3763
5950
4940
2545
2425
2844
9448
579
4670
7003
8464
1498
7271
4926
7705
1199
3350
7325
6939
7912
2066
4321
2258
3914
9498
7478
4941
7254
4200
9618
2112
2761
4299
3016
2798
7107
24
8875
9414
5642
3837
6887
7083
7049
1310
1514
8043
3109
9982
2362
5421
157
5931
5164
8974
2332
5664
8845
8465
8628
2917
63
2902
2625
7133
9330
6692
864
4276
4269
2123
8373
8080
437
3663
3533
9476
5709
4912
4475
34
8842
769
2392
870
3907
775
7255
8325
1559
9091
4305
4851
138
1245
3793
194
6575
370
6444
8588
1749
7917
3457
6210
5526
250
7278
8720
7105
1561
4452
7161
8359
6223
789
6807
6240
2189
1691
9244
1899
3938
700
9958
6032
4951
180
4660
2781
1772
3935
3374
5623
3161
7958
3989
3266
4420
9512
1499
3710
7136
4509
2338
5607
5307
1358
4545
2192
1565
5754
5747
4443
8935
2307
8909
9872
1386
7622
8287
4929
8667
9213
30
330
1964
1236
272
5911
165
6752
7739
6323
5367
1380
2148
2808
9101
3645
6587
1842
2489
3037
2419
825
8789
1202
421
1297
678
5442
8882
6273
3939
3805
7171
5021
8289
8352
8166
7597
7688
4832
7690
7652
399
6431
4868
7876
3042
7045
8474
4460
9562
6667
7953
5714
7152
836
105
2833
4585
6098
8504
5689
8390
1147
5266
3628
7630
6085
5136
7544
9400
5452
765
3459
2737
9262
6211
8322
8866
8864
1136
3495
1142
6924
3772
2200
6357
3309
9470
6759
4694
8548
1336
9567
4195
2429
1381
6403
207
257
8795
4132
4522
5876
5517
3689
348
804
5301
1272
61
5646
5798
4519
8173
8748
9868
7240
8569
7247
4960
1897
8812
6990
5236
8515
7299
959
8107
56
9968
5290
6017
2494
1265
5998
488
4183
18
4221
7300
1137
7911
5186
3006
3156
3598
7837
8015
2138
3507
4431
5218
2221
9455
2076
6602
6020
9596
2199
573
5394
3376
3719
9319
1391
2656
8072
2143
831
2681
5271
1022
2418
2457
599
4768
584
4209
5861
7106
5520
1019
4343
3936
6940
7155
9831
5241
8144
6732
9085
1036
1568
3094
2329
7314
392
9522
479
2346
2135
7909
7768
9032
7087
8179
3360
8685
577
1639
8326
3262
3503
3009
1062
6978
5596
2285
4742
6445
505
6486
4525
1494
6443
2907
4222
3544
8333
5214
7046
3919
748
4684
3216
8932
136
5423
1960
3025
1957
8094
7408
7533
8995
9315
2885
3866
8498
17
6834
2142
7329
2612
6848
6396
4877
8545
393
4963
3390
4922
2048
8006
1860
3347
6381
2916
1064
6506
6336
7937
8805
2485
4746
6928
2180
4194
7425
2555
3419
5381
212
1853
7215
4636
4934
6178
9511
2837
5138
8402
2603
5005
6149
4181
7997
1711
4656
2233
6937
5192
1325
8261
1348
1309
379
2570
3823
2695
3655
6103
3205
2436
1546
3164
74
7651
2470
5104
6053
8034
2244
248
3123
1361
7575
7067
5656
6665
4400
1683
4718
8291
8367
6935
6179
3038
9499
5750
5538
2167
5923
6171
1747
8883
5063
452
889
8048
3812
9405
971
4804
1054
2305
2055
1980
4895
4262
3413
4069
3553
4493
6923
8961
2687
632
5527
7628
3523
2877
534
6519
4551
639
4396
6948
4287
4367
3717
8294
867
3899
5609
6291
4644
605
9730
4028
6867
7730
2038
1425
3901
2007
8972
2008
1105
4543
2472
8891
3404
4350
9124
6007
1537
3644
6054
3703
4914
7290
9625
7048
5344
7474
7888
8348
8264
5450
9
2049
5695
1320
8202
7836
4973
4490
3210
8142
4100
7044
1706
6073
8777
3608
3451
9118
1098
8033
4356
3282
6347
8087
8928
8203
9224
6892
3931
9715
4894
7817
2228
4344
5958
7485
2684
1419
9818
2796
4597
9376
3753
8538
4437
7234
8129
7790
1299
6904
9690
3285
8739
7851
5384
3861
918
832
2604
8189
5457
8283
5346
7542
7092
9987
6689
9391
7787
1352
5361
5204
4261
1237
3566
6895
5889
71
2120
8914
6870
3062
7591
9890
1626
2344
2559
1968
9916
1989
2668
4363
5893
5688
7094
5545
5151
1987
9939
9516
1597
916
8058
1027
86
5512
6651
4173
5699
8927
2371
4588
3653
8807
3908
520
1033
904
7975
7154
8610
756
7406
8260
8181
6116
2141
508
3448
7806
5050
2557
800
3584
5335
2696
8508
454
3229
2042
7186
5020
1194
6773
3469
4870
4282
7430
4617
4584
4672
8108
215
5213
9425
5302
7781
7763
3410
9910
2433
8969
5419
339
8457
2934
8398
8731
2911
7579
6409
2876
5051
3999
2766
5152
6512
2375
4159
2269
8180
7749
960
9237
6916
688
9597
1929
6876
6593
4823
6432
6246
3882
2521
4616
9605
2080
4293
