10000
8349
7572
1909
5853
4285
7675
5757
7502
8582
4044
2555
9995
9998
3041
4767
7865
795
9334
9135
3065
9416
4591
2460
5537
8753
8485
6694
8210
3583
6238
8407
1574
3039
7667
2967
361
9759
4745
7661
8779
3949
8358
3519
8606
8265
9282
6384
6319
804
3451
2580
1560
2527
3827
5772
6514
1795
4319
6119
6887
4813
7179
2464
4119
9449
4504
7264
6761
1701
4438
4301
3616
7448
603
8588
9175
1305
7709
7991
2934
1672
8861
7008
6504
9051
5186
5430
4553
2492
327
6228
8140
234
4902
324
8868
1593
7342
7041
1256
5095
313
1157
413
1721
3561
7632
6776
8781
9635
1943
7915
7279
8920
1237
4833
9310
734
9864
8632
8004
4303
2916
4061
5411
2275
5134
6087
3290
5066
2410
7635
3593
4025
5339
7767
4665
7288
2516
8886
4518
2121
7781
5650
2030
4766
8075
6071
9142
4765
8341
1976
8493
4040
5818
4589
719
2073
9294
9243
8806
9560
6993
1066
935
2104
7404
139
2194
7791
4827
4928
8685
5200
6896
582
2881
8986
9440
954
6372
6481
8934
4615
670
1269
2882
3208
1792
1814
5001
2289
5882
6873
2817
819
6898
8766
3638
3626
5688
4565
6408
7189
5923
7586
9345
8029
1503
9763
7968
6893
7359
5885
4322
1231
7931
9896
7881
1468
5959
3858
6517
7585
4461
6366
6038
3744
3047
1540
4886
4859
3738
9283
1993
2646
3489
6905
5699
9931
1920
9010
3814
6823
3147
7337
7969
6052
524
5953
9993
2515
2176
2633
1487
3556
209
454
3079
859
1703
2973
8301
9642
4245
2507
9773
119
4714
2807
7388
3268
2525
8218
7554
9311
2010
3091
6983
9168
2893
6441
2466
3022
6532
3752
3873
7302
5016
9305
2457
4533
6755
7771
9378
6565
6405
8207
7598
6142
5319
6157
2417
2146
8794
6189
6500
3198
5309
8804
490
7313
2983
4033
2673
1914
5739
3512
6254
4486
8501
5265
6399
5542
7594
7446
4750
1033
2134
769
7336
6244
2150
4604
3468
8575
942
315
3720
6877
8154
5328
8941
7870
6975
1738
9066
3917
736
2343
9260
1743
8523
146
5548
4270
3840
1477
3187
3964
6305
6758
2863
365
1899
2972
6563
7630
548
7272
3922
7379
9524
3151
3096
418
3008
9502
9200
4697
1844
5750
3651
3656
8437
7149
9512
9927
5692
4739
3097
8180
8809
2293
7843
2356
5316
2751
8717
4654
6284
3602
5209
3610
1151
4037
6315
1694
8811
3761
5136
7137
6473
1085
5085
5786
6739
8813
4802
2171
4240
2381
6312
1517
4879
7483
210
6779
1041
9376
4907
226
2494
9132
1062
7384
6558
5343
1333
4832
6811
6009
2290
2724
1859
6510
9607
3636
9167
8034
5225
3697
2955
3326
8567
7133
8839
5180
2442
3117
6757
9433
2591
7744
330
4280
5691
3521
3759
1797
2661
7922
123
5480
5499
2784
6926
138
3615
5408
8777
5555
6080
5132
9848
2647
287
8968
368
9470
148
6976
1801
5135
4953
4950
2372
7925
6523
6851
7830
6642
8189
4012
2650
6136
6210
4077
2711
3376
7571
2605
3016
1841
2095
1176
8916
7725
2067
3434
1711
7792
4967
8126
6927
1973
9053
2815
3189
8706
5046
4668
1681
279
4522
9881
4564
5014
3247
3107
8019
36
8137
8183
7335
392
9530
2636
176
8641
6555
3118
4020
8331
1104
6727
8377
7999
9284
7921
5925
4424
5680
7222
8002
1941
8033
6217
6552
7691
7181
1683
9096
8040
6062
7452
9882
9419
8304
7896
9841
9975
4379
3105
6350
9451
7391
1030
3550
3456
8778
7933
7073
9933
9123
323
868
7592
1658
3169
3507
7937
9443
2722
4932
1777
6466
4843
6712
4414
364
7396
9661
9395
4729
5361
8527
3564
7903
6650
8492
4000
1239
8819
6126
5865
258
9061
6267
8985
3347
6584
8457
7096
8893
6578
4979
4916
4680
8851
9813
9817
3361
2448
8901
9428
9781
4863
5042
4030
8833
380
1283
3663
6726
5146
737
2655
1294
7699
5654
2899
3050
4080
5317
3728
1107
9837
7487
6998
9992
2786
1152
4226
5944
2529
6675
9319
4435
9885
4499
6848
292
325
1415
4036
7888
9584
5476
404
8544
4364
2870
1021
6624
1840
7505
3462
4948
3043
1215
1128
61
493
4308
5747
1513
8213
555
4551
1285
8256
8289
3160
3306
7631
6970
8657
8935
2409
8909
1252
2992
4354
6085
6233
4599
3414
1992
8230
2437
8181
7875
5051
563
5899
6804
9783
1324
3103
960
1641
9700
4717
9911
3586
6858
1091
3585
1355
8054
2276
285
4617
7496
9459
6141
1133
83
3617
8797
9973
9235
6640
331
1506
3572
8469
3969
1596
2733
8070
7059
1531
8373
3762
4527
7422
180
1061
2017
5717
4089
8525
2627
6494
304
6065
2325
3001
3488
8340
6261
5245
6544
6930
5704
4724
2769
2093
1247
8063
4224
2780
425
6895
9701
2765
1346
3492
5067
1846
2623
2855
8863
3412
8789
3565
218
4742
7766
5216
440
341
7970
5880
9836
1728
5810
9216
6889
6395
793
1521
3769
6022
5156
3428
5496
4284
4222
6660
2542
7753
96
570
7195
8163
2072
5222
4873
2271
4867
7520
6732
5167
9632
8730
6371
3707
3165
1297
3518
3375
3292
1849
5726
7481
9950
4387
9001
7653
1791
78
2427
2365
3555
5207
7443
1977
1136
1493
8423
5432
5951
1862
1825
2668
6939
7831
3731
4861
6179
9252
5109
2342
8308
435
7002
2490
9015
2801
9390
5331
4272
8756
7577
1129
4869
7509
1336
492
1871
4630
1375
3503
5038
5308
1897
3516
885
7466
6298
8413
4847
422
40
6174
2137
4481
3242
5561
7946
921
2506
2252
5275
8684
9150
9963
2657
1393
8509
2102
8633
8298
68
8307
4584
827
9316
9835
2823
5140
9684
5485
2191
7028
6792
7917
4329
8800
5257
5696
1001
8629
3951
6789
8032
5585
4380
430
7367
339
7638
4503
8102
8933
1344
7704
8281
6445
4076
6278
3764
3161
5630
2162
2720
5264
1405
4360
8840
1039
7837
9833
6439
526
2731
2959
838
6784
6954
2265
3935
8859
1833
2103
655
5723
4110
799
2937
2188
2335
8404
9528
5694
3753
6988
9176
2031
4799
4763
3787
9670
7671
5315
2995
5217
7863
4515
9751
5354
6215
1861
2740
2853
1687
2788
8609
2749
5774
3072
9204
254
7453
5609
97
566
8675
2961
4125
4590
4439
6310
9902
6476
7697
2888
9463
7374
2470
7643
8200
2322
7009
198
6347
8406
6651
2455
4779
3990
9005
1722
9957
1653
4849
6313
3163
2548
9090
298
8645
4537
8028
103
3815
3302
241
1150
7716
1004
2771
8799
7406
7561
8039
8908
2833
6647
7021
4171
1240
3768
3479
217
7681
7977
7244
432
1395
7177
8714
7131
9478
5966
5594
3471
3231
6447
6731
6729
4836
3747
8435
8302
1991
9286
7060
2805
4939
1348
1691
535
1456
2533
8648
5214
9749
5414
3477
1060
446
865
2113
923
7300
3998
4596
1253
7211
3542
8636
7289
1100
7500
7366
30
4447
2819
3308
6691
8854
6502
3425
518
8420
1268
2474
5296
2160
6180
6017
8144
8817
9258
8175
7093
1854
860
6394
4054
6127
8011
3474
8236
2903
8418
9913
4556
7784
7608
7641
7940
9215
460
5362
5310
6418
5359
3281
9949
1452
7769
6704
6111
742
8803
1345
4936
1542
4501
512
6291
4216
3544
5128
8999
277
1027
8388
3093
9727
6791
4212
415
6063
2517
7139
872
4711
9482
4148
1646
8038
729
1603
478
6971
5165
4149
8598
6290
7773
1775
1449
6716
3038
1891
9213
5516
3259
9198
2697
1953
6307
9889
8796
5115
6113
7104
933
7269
833
4114
2866
8978
1162
1997
8309
8094
9573
7293
4559
4754
8830
3156
4611
6925
3294
7097
5394
4804
7192
3026
1839
8545
8957
1778
7405
6756
6427
122
161
4246
5582
5213
3522
4506
5543
1190
8246
5799
5267
9772
2144
4210
457
7327
1052
7318
3449
2413
3051
1441
6923
8763
4209
7701
6957
6346
1440
2703
8036
7026
904
1917
7727
6436
747
5976
126
9187
8947
205
616
8705
376
3210
8560
9967
6886
1117
4973
990
328
6608
2597
8192
8682
1552
8466
191
5179
9493
9143
4462
5501
3332
3011
8464
9228
6482
6989
2182
8793
3458
9372
7627
2760
1265
6636
3597
4834
6172
3853
1644
8172
3366
4377
5260
416
5535
4419
3942
2198
7596
7320
2331
7537
9450
4707
6778
9321
8712
7252
8989
1410
9160
9337
6037
9326
6046
858
8701
3060
6389
1505
8104
6539
2330
5509
726
2796
7431
9083
5159
4032
2258
638
4155
7705
4602
6661
651
1569
7605
262
2236
9183
910
2560
4497
1960
9996
2849
1614
2101
2534
4314
3679
9467
4023
2792
9717
5797
1429
1384
5975
6194
8984
7989
5292
2660
1226
9596
77
7818
406
8214
4935
588
3000
1528
1848
9875
3802
984
237
8965
7191
7628
4237
488
7609
3849
5791
4162
6178
8018
5226
6306
5490
9434
592
2467
167
7284
17
1172
6325
6406
9728
8233
817
753
3422
5891
2040
631
6356
4043
8099
7778
1465
5346
999
8497
6551
7995
1715
4971
2043
6109
7402
1132
3071
6978
8463
6859
6139
5674
343
3788
3264
8710
4810
2624
6248
5574
4857
5295
9989
2011
9707
4856
4042
5172
6116
917
4173
2539
4182
6680
3390
7375
5847
5984
2767
4883
4885
3606
3407
8121
4757
240
8369
8590
8224
6097
8089
5566
259
32
8305
4723
8297
8031
8536
9579
1760
9230
2509
8895
3842
8220
6782
2479
1602
2843
4410
2610
9211
3064
1257
2225
2243
1541
288
5754
4454
3644
7430
6974
5029
4046
4401
8668
6961
7859
3244
2508
7603
7990
4751
1025
1408
7295
3388
3053
6059
4605
52
477
5161
190
5593
4187
7902
443
4570
7105
9846
5821
6598
9961
2728
9003
8505
2522
6275
8263
1757
2057
7339
5469
8184
7159
3818
4338
674
9034
112
1629
6742
3851
3246
6122
3429
5288
7309
4728
1193
6148
8969
2402
1069
7615
2149
701
7376
916
3013
5494
7003
360
8476
8073
1989
7106
5660
5401
3049
8585
204
7839
7602
1270
6786
739
4643
255
171
450
3355
3029
9623
7707
5528
3134
3393
7058
5219
8557
9970
8583
2670
9706
2484
1930
7040
5388
7292
1205
7349
7048
9668
7322
1204
8335
9690
9556
4144
9510
1322
8127
5884
143
5498
481
3170
9203
8548
6030
6574
5675
708
2544
9653
5578
1396
4390
8277
9767
2718
9315
411
8506
678
669
5258
7788
5972
4734
3
745
4661
8460
7022
4105
6095
7993
3469
6190
4433
7814
1741
7711
6143
1990
6420
491
3002
8642
9046
9669
4896
1159
3336
2496
5999
4825
2649
2029
9618
9937
5827
8532
4774
1526
8364
9117
1426
9736
7965
1895
8795
9786
1752
9140
9201
9936
117
5869
8128
3459
150
4894
2397
6251
3845
4695
7866
9267
2028
2744
9266
4391
9351
8970
6795
1764
8738
8711
5695
6937
9049
4184
3940
4231
8079
3276
5823
841
3109
2175
5643
8949
8333
550
2549
5540
5700
1478
9606
622
9798
6281
2363
8765
8892
1610
4220
5854
1337
3642
2224
9626
437
1669
6833
3686
5588
922
2775
3204
8834
2501
7556
821
4356
35
2997
8987
8299
3805
396
6564
9850
7810
8881
1029
5460
9842
3641
1232
4489
9675
7417
42
7911
7624
2658
3153
1857
2259
2307
6759
7070
5189
2839
2520
6089
9972
9793
7576
6417
4194
1217
8942
6924
7486
5028
5244
9008
6892
5451
9647
2480
356
2435
4168
7981
9381
1735
9960
697
8118
9362
4792
4296
3792
1431
8576
1000
2328
902
6333
6114
8378
7618
7567
5270
5078
6359
782
5039
5353
4123
7267
8009
5273
5783
9226
1358
1729
5745
5751
2376
6818
9576
9415
187
7726
4800
2985
6493
6034
5534
1951
7167
7644
2530
1988
1186
469
9505
29
1524
371
9569
9737
1783
6572
9712
4666
523
3111
9082
3218
7498
1889
6154
4781
6685
8405
2233
2986
4828
2458
9485
5144
8700
4357
43
6879
6825
1826
4417
3822
3549
4427
2951
3991
681
8367
7507
3780
4093
503
9643
1010
5293
7197
9333
7016
3509
5079
4211
7135
3912
6453
4999
3866
2285
8381
5022
5614
486
7972
9064
5326
7317
4394
6216
5640
6641
306
3075
4990
7876
7053
6973
5360
474
5358
3307
5077
9687
4408
5950
9244
6351
5289
9887
3993
9231
1210
2706
2430
8419
3709
1572
2368
6707
7364
5838
687
8764
3899
9862
284
25
6986
5006
8451
9179
6768
925
6512
6711
2826
2336
3212
452
2211
4795
5194
733
3862
4175
5656
584
6628
4579
852
9572
4118
3177
8649
899
2046
1339
5212
9193
3736
4490
194
8847
1621
855
4709
2880
8379
8558
4426
5900
8134
5985
4028
3833
3159
81
1462
3237
7734
233
5599
7251
2355
5721
1149
531
794
353
8238
1272
1053
2567
312
9592
7030
9977
3612
9888
8584
2414
8988
1650
3288
5653
3878
5068
731
1712
4288
7853
8954
9688
5118
3595
9871
6465
8171
4041
6797
8285
2519
9350
7606
2497
2630
7636
835
6806
7120
645
3480
1706
4072
9367
1220
738
8436
6853
2500
786
2776
8162
3056
2848
9800
3363
3435
8885
586
5090
6253
7898
3197
3600
4819
2412
7776
7897
6783
3754
797
5819
6035
1418
133
9225
5463
1834
9355
4600
3588
1287
3739
4641
1312
1555
4911
8078
1830
24
4888
7227
6079
7164
1863
2100
6120
6653
1425
3421
3928
7723
1546
7765
3869
883
8056
9353
4051
1435
1472
1474
5340
7717
5792
2206
2148
7819
8339
407
6763
4835
4980
5520
7817
4006
3275
4653
4198
4446
4649
5220
6381
825
3266
9364
6003
9805
7154
9409
1643
2991
930
2891
9814
7304
5870
8226
9383
5435
6720
3793
2693
2235
9876
9457
2154
9612
2199
9822
1770
4613
1002
8922
3126
1126
6021
1916
5744
7519
8524
4014
576
3338
7728
9253
5948
1260
1565
2638
787
8743
9115
9377
4761
2854
757
8096
2824
8491
7047
2921
772
3138
685
5069
4225
3674
7418
1624
8940
6152
2463
7591
3317
6935
4703
2523
3234
5971
9517
2838
4568
3465
5963
4678
4498
970
6878
8270
913
6772
4307
449
1507
6839
8998
3152
1626
8047
7238
3779
6195
8543
4959
5099
9577
3339
1145
801
1979
9116
7201
4192
4082
9422
6541
5299
7930
5157
4402
2
6506
6721
9534
6696
6105
9602
2828
3213
1074
8666
8225
9537
626
699
6860
5390
2666
5114
5813
7074
9146
7161
5129
6274
8662
2678
8713
8546
6391
9750
1821
6027
9568
6400
8135
7276
27
4142
7706
5151
9388
6107
5896
1606
1616
6460
4526
6871
9609
1843
7963
4017
1667
8936
8746
8571
4773
232
9589
3015
8310
8867
4575
1987
7298
7607
5983
774
4756
4177
8276
296
1981
7783
7548
4203
1206
7445
1106
1912
3123
8348
4700
8257
1114
6117
9828
9086
3473
1302
6600
1286
8473
6415
6412
1259
2726
8021
552
8279
2214
2929
9227
6098
5746
120
5204
1995
6656
461
9094
9756
4244
4908
5125
5871
6547
6416
7826
530
4972
6129
7089
5093
7569
4993
5088
4241
9597
7847
7492
7936
812
8077
5641
4992
2143
8354
4088
3590
6501
4899
1424
9137
141
6480
7504
9307
7110
1983
369
3795
6479
5406
6338
424
6579
329
4122
2867
6969
2793
6900
5191
4460
3921
4027
7683
8403
6728
7738
6131
2183
777
2348
9891
642
59
2603
4822
7198
1923
9018
7112
8280
5724
6682
2117
5841
3216
2092
7645
4008
864
1739
6635
2504
896
8253
5689
892
156
2659
7528
1692
1866
8646
3740
6503
2318
3874
1853
1067
8356
1417
4749
773
641
2388
1113
7984
5071
4251
8368
1179
5355
4647
5453
2262
8495
8010
8760
4659
3250
8610
6444
9545
4880
4986
7686
2682
1829
4087
1913
1490
4536
2166
1356
1767
542
3322
3270
3573
1984
7482
2970
8826
8401
716
3286
1078
7226
2471
4133
6492
1072
4325
1933
2240
6163
5855
1317
4459
675
7987
8044
2311
5736
7373
303
5859
4817
1421
1406
508
9438
8581
6863
2830
197
1236
168
2589
6590
3058
7662
4268
732
5382
7742
652
1798
5314
1207
7967
7386
9738
7775
8157
6092
84
5105
2174
9247
6231
3461
1433
8008
2454
9016
6158
9923
6375
7583
6026
4618
9128
4740
5034
8088
822
6922
1636
6093
3601
7247
5091
540
5247
6982
5493
4381
374
7389
7438
2536
5789
9680
3895
585
2204
114
8346
382
943
2827
2205
4938
212
4157
8658
3681
7640
831
6224
784
517
6419
7735
9035
5072
9426
153
3645
7315
7451
1314
5671
7698
3575
837
5478
8222
3908
2535
4398
500
9867
4442
4151
8006
7274
3543
7278
7229
3030
6965
4853
7639
2953
5433
6671
9040
6322
7777
7347
9715
9821
4455
7258
4814
5282
5024
5995
9091
7358
9346
578
9608
6304
3729
639
3932
7079
6182
8350
4306
2338
7353
6170
2676
1533
9239
3409
2023
1545
5904
8330
3009
8627
9789
169
9616
1380
3335
2163
1082
4289
9430
3704
8653
3070
2123
208
4569
7754
8005
920
7140
5644
4247
4326
2097
2557
3786
7282
2595
6836
3776
183
6258
4476
8873
665
9299
246
7076
8611
3817
5982
3220
6700
2662
7356
8441
4361
3893
4395
2572
4770
8095
9431
2306
8553
4259
4874
1949
3956
3537
3577
3441
351
4997
4412
5685
2969
7435
3826
934
2621
617
6688
2436
4434
200
5741
498
4178
7700
4392
4694
5814
9825
1156
629
8201
6266
7761
9522
8983
6270
6874
8660
9858
4998
3774
4085
9509
3149
5306
80
6519
9317
4957
8110
3599
3662
405
3348
307
2119
9808
1927
6744
9575
6826
3517
421
9932
5449
6138
4351
250
953
6112
8458
8719
3188
4690
3066
5906
3089
4952
5286
5492
771
6513
3004
6949
9764
5084
9224
6212
6440
5612
3168
273
3374
2594
7001
3911
8107
333
5778
8914
9432
3415
135
2246
5567
6188
4206
5385
1869
7092
7254
2000
3373
4470
3955
5832
8552
9948
7080
6752
4035
3446
6618
6421
2526
6828
1523
7538
2616
9490
8726
5208
5371
1860
7237
4374
2719
9488
713
8197
6577
152
9731
268
4890
4984
5989
290
2977
6185
1148
4024
5808
2898
3623
222
2862
5954
3797
2299
3284
4845
6147
5489
9945
4336
7050
5166
6058
8399
637
7975
7821
2416
3520
6237
2284
2518
4588
2524
2323
7206
1536
5844
5942
3655
9571
8979
545
4708
6747
7173
7732
3696
8943
6369
5117
9940
8336
1392
5483
5625
9532
5902
3202
3916
1086
919
3386
4299
7444
3766
3604
2264
5391
1109
8931
9928
4371
8521
4838
1924
9469
6910
5436
5169
818
2537
9246
9516
2254
6061
2787
3239
4339
7458
6268
8664
1957
2989
594
5070
3180
3830
6015
8272
1167
5673
507
4271
9425
3223
911
6560
1460
3442
267
206
2999
3194
7514
67
2181
8179
3444
9939
8547
4385
3997
9318
1736
986
9289
9156
5713
8912
6917
5130
8449
9359
213
8488
6524
5635
8037
1318
6987
9682
8087
5137
1651
5536
2396
5511
7942
8161
8862
778
7794
2050
9819
9349
5163
9279
3318
6039
3620
9900
5168
8068
8170
9558
2734
8605
9901
6725
8067
3476
1169
2380
3424
7770
8827
5065
3403
4406
6221
3014
5439
3378
5693
4987
3594
2692
9659
8938
1561
7842
2179
8638
4545
8614
3467
9679
4719
9514
2196
8535
1638
3841
8395
4848
4007
7250
8902
4456
7421
9803
1276
196
9229
1497
7380
9705
1482
891
7334
6056
8470
5424
1369
7545
5428
7084
8295
2085
5796
4256
6770
1071
715
4158
9009
3379
4141
7186
8306
9538
6078
3894
703
4510
5729
6469
6236
7242
6011
612
7262
6530
5990
3367
5722
6285
4205
1445
9897
6206
3092
9306
2052
754
9403
740
367
9547
6047
9619
4710
6794
6621
2761
2981
3211
3498
1357
9944
6669
9676
3007
9698
7341
7787
193
2432
7764
5369
7234
1842
5229
2584
4917
89
2404
504
915
1763
5840
216
766
684
2858
5154
5502
8904
5182
8141
9498
2441
1263
2151
2750
8084
5868
7033
1416
974
5845
6911
7923
3174
7798
6631
9565
4541
1488
2357
1749
4318
5504
7069
1819
5350
6463
8343
2295
2821
5150
2834
6455
9028
4321
5932
1486
2006
7992
8174
3741
87
3632
5946
162
479
5007
4574
9296
8027
5940
185
7838
8117
2902
5417
1855
1504
2930
158
6837
2543
3533
4593
4548
4508
8534
1334
7832
4457
2358
6252
7983
6484
227
5108
7877
7134
9917
952
7536
4544
8652
2905
7887
9271
9918
6678
8780
9361
1774
8696
8866
286
1673
8261
4430
8344
8630
6771
7646
8921
2982
8490
5508
3712
8573
1370
615
9191
762
1704
5487
8271
840
1121
6673
128
9174
3930
3396
2578
7546
7165
6540
8667
677
6365
7493
3880
441
3816
1890
914
6032
177
2024
6562
7850
1605
3971
2732
1185
1059
1364
7432
3059
7884
3031
8529
8843
82
8844
9108
6672
5173
5057
5399
6429
1968
3119
144
4378
7467
7036
3272
2087
6724
3635
4529
4572
3245
3232
718
1130
5356
5321
2904
8640
9095
9935
4463
6942
9686
7623
4983
3639
3265
2089
1037
1856
2227
7296
3131
9778
1850
4333
7758
877
1103
4889
7527
8568
539
5202
5152
9386
2013
6718
7905
1484
3331
7409
8508
1419
5627
6020
428
4524
8679
6658
6677
3790
1367
3012
5203
7541
1633
5646
9357
2665
691
1054
6263
9023
2230
744
244
6947
4542
565
1958
2965
2316
1047
2485
291
6901
7954
6980
1714
1134
9725
6617
3877
6533
5596
297
336
2696
7395
8993
5049
4720
7185
5102
3758
8823
8016
4038
57
340
6133
2785
7998
1809
6765
1050
2037
1693
9404
1622
2399
7908
6049
8563
5848
5223
1675
8461
1203
8158
5735
1575
5913
1120
4335
3539
8735
8206
5195
9697
4135
8103
4778
9671
5210
6088
630
8057
1519
2966
2055
4753
5100
2106
6137
2831
8502
1810
6246
9242
5910
3843
3497
3703
9587
4448
252
3813
2313
6171
6193
3756
3872
2505
5638
6192
5703
9861
8737
5851
1662
9254
3085
1759
4764
8698
2009
908
2738
115
9238
5878
6204
1734
4688
5661
2609
9126
4996
6664
5347
9256
5974
9274
8215
1674
4352
4134
1548
1946
6867
4170
5116
7563
2914
8148
8332
7064
4716
9924
5784
3226
2213
2159
4786
5926
5619
1828
6386
6908
8427
4404
4236
624
7219
7845
1352
9511
26
7874
7938
4097
3364
5231
1349
9448
3044
3253
5897
2940
554
9277
995
664
2932
8221
3310
7880
3668
1438
6780
4345
3538
8114
4651
1125
9610
7733
1300
6610
6820
1313
7649
8884
5160
1400
7544
4821
8927
5579
2680
532
1171
882
8821
965
8468
3665
3076
1470
8759
1773
9217
5686
5287
4363
5672
8621
5557
2128
9613
7604
2897
5025
743
3726
3410
730
5767
2327
6414
7324
9726
3678
7103
4397
6031
6036
90
8494
3203
4718
1469
5272
706
4016
659
1579
316
4721
8064
4039
7578
8865
5002
9102
2278
245
5941
4610
1233
6526
2190
7729
4059
6094
88
8484
9038
5988
8288
2062
7878
5817
8597
2239
4598
7574
2147
4342
1530
717
4865
140
8917
7471
6903
6199
5332
4393
7762
3854
7124
6342
6585
1108
4930
4278
3003
495
2716
318
3972
4260
8324
3426
3887
2222
3708
4891
6301
7811
3114
1183
2244
401
2324
6615
8758
1592
8318
2120
3298
5623
4193
8234
5447
4858
7055
388
3607
7894
3834
874
6388
2042
2353
6363
2963
6932
249
6882
393
6907
2346
3221
2756
8734
6223
4298
8313
1295
9926
5947
8751
8626
7958
2142
229
269
1271
308
9536
2884
3164
9004
5824
1796
1277
2850
6016
9429
9013
5366
398
188
5702
2351
3494
9969
9036
8663
8925
6537
7676
5580
9483
7802
8312
8754
9172
5458
5706
5176
7426
8138
8820
1689
2359
2782
7885
8762
912
564
1873
3867
8656
5381
5763
7740
7489
9730
8489
3402
2282
3953
429
8832
5188
6751
8771
34
8105
2920
2423
8359
9309
5416
756
471
9974
4483
1292
4249
7393
9352
8455
45
5330
8196
5122
6611
3524
4026
3475
2896
2428
5587
3598
3305
5930
5924
311
4069
8131
3794
8133
929
5227
9281
8946
1878
4477
6812
8440
6977
3406
6486
9636
9747
7531
7478
3036
6327
7522
6676
7328
7833
5795
1608
3052
876
3640
3110
4744
3812
9879
2215
7871
4450
3839
6471
3344
1696
4626
2918
7755
3777
4898
3438
5462
2851
4913
6135
472
8090
8294
9860
7869
1745
8852
7551
7240
2619
9667
4009
75
5342
3323
5178
7271
5050
867
5731
5438
5171
224
9593
3982
7626
3694
5221
3472
8191
4741
2876
256
5341
4146
2772
5742
3181
789
8374
8790
4731
5415
7397
5124
3784
6852
5009
9348
5890
101
2836
2860
8741
1709
2754
6953
853
556
4854
9711
7032
3857
9302
399
6652
4239
6296
9990
4068
8960
4586
4050
3466
1558
1280
6734
1580
2122
4684
6352
1427
1639
3634
3319
1746
7562
2371
1055
4421
7895
1011
1697
7172
614
280
5269
1088
1181
9755
7230
2260
1371
6805
7062
2034
9501
1261
6004
9474
2429
5523
2468
7224
7147
4467
1845
4275
5787
7014
7330
7129
724
7447
4368
5887
9851
6963
4904
8569
7462
5243
5773
9590
9799
2587
6950
8694
2714
4070
459
8160
2447
4820
7955
1360
5211
6819
8870
4409
127
5255
4842
5268
3973
4164
4277
3392
2256
568
1092
1786
6018
2297
8818
1064
5412
7854
8014
8321
7216
7007
2317
5517
2382
7724
263
2712
3847
9278
4771
2378
3206
9489
9368
9699
6542
8736
6393
2922
4067
5183
2568
7852
5010
931
3176
3902
815
4127
9071
8747
7085
1858
510
3025
447
3628
8808
580
5175
9692
6699
4458
5577
608
6591
4784
5822
4432
8108
7321
7325
5607
9356
2156
9829
9703
3540
3140
7774
4840
8122
7720
7457
4638
2573
9892
412
6525
8384
9290
4931
2238
9181
7415
2488
7966
4468
4563
2401
515
44
2872
5908
9859
1310
9375
6827
5608
7950
2056
9255
9138
5053
2892
2928
3404
1160
2730
9654
9719
7385
7283
7000
1211
8775
132
3933
1515
2453
390
9354
381
6422
721
2132
2203
6868
8964
5836
155
1559
6762
4311
9329
1705
4962
8235
4437
3214
2829
4919
7166
4034
4587
6183
8204
4165
6508
763
1209
9325
3927
9843
4375
2405
1075
7622
8342
4660
3499
54
3963
704
2491
3992
9791
8894
7107
6433
4534
6249
266
9059
8402
7525
7656
8317
1311
966
4672
6948
5740
9631
2218
9652
1919
1386
869
207
7665
9762
1771
8995
3820
31
2478
4855
6349
4870
2755
102
5826
4982
8836
4540
4029
4304
7469
1076
6808
6775
3904
9529
9324
9328
6733
7524
8549
451
9988
1389
5020
7291
9412
2710
2440
3125
1432
1680
5556
1281
3838
5624
610
9002
7152
9620
8296
1824
7383
3141
2303
7414
7109
7416
467
7932
1495
1660
4095
9582
9391
8838
6912
7025
7151
5570
5611
7193
5303
9098
6657
2003
1479
4730
3495
4603
5336
7555
56
2459
9854
5196
6884
1562
1876
7316
4100
7848
9340
3433
7889
9268
5497
8531
2157
2663
7760
4073
4065
7948
317
6010
8097
4066
1793
455
4783
2045
9770
9788
6343
7521
997
5206
4266
3824
350
806
2337
8586
2856
5633
3804
463
1127
3748
1838
7019
4612
6264
6050
1341
9406
9130
8026
937
7959
9106
725
5121
5886
7926
8417
5334
6861
8672
7128
9475
8785
2639
149
8291
4906
879
38
2935
847
3923
9898
4485
2002
5604
988
3333
7351
2115
2452
8058
1471
3496
4658
2019
3315
559
4505
6918
7795
2189
9218
7037
9087
2390
4403
9720
5716
5996
9622
9965
3023
3191
5063
76
4465
735
8496
8353
8757
5980
7560
8212
2685
1847
9760
7961
7024
3293
1338
5765
2974
6972
8408
6683
5000
7907
5621
2394
4386
6538
6614
9264
1325
8474
5909
5642
3649
7163
1288
4648
1328
7083
9389
3596
2532
9695
6043
8855
2212
9148
2700
2279
1617
802
8188
5571
4452
8060
3342
5551
5374
5719
5446
8504
9872
781
3587
1411
2948
2701
9754
3167
3395
5464
5104
1219
5584
1578
4677
5804
4517
593
4074
5471
2373
466
7403
8156
4174
2362
3806
6326
803
2571
3848
9110
3584
643
1198
992
2558
8239
3173
5843
8678
8791
8619
8665
4796
4798
6051
9794
6140
3576
2694
8125
991
9782
1870
7480
8770
7056
3682
4512
8190
3183
4423
5047
5005
4806
9312
5554
7518
5291
7490
2620
3614
2111
5803
7017
1940
5192
9527
8503
9097
9111
976
7340
1095
3154
1293
7584
4830
8788
7867
823
5893
6134
1922
5110
1766
7692
9024
851
6613
1934
7390
567
5962
1105
1057
9857
3654
5297
4388
1483
4947
820
5949
3116
1177
1817
3254
1538
722
2778
4923
7436
8982
8728
2503
8595
6666
2445
6303
7239
3490
2139
4793
1500
3337
9853
3148
9410
3256
362
1463
9245
4370
2878
4213
6081
926
5620
5281
2140
6821
3581
2130
3661
8329
5592
5459
6846
8513
6331
7232
6060
2319
2080
6522
7600
3910
9408
3346
5991
7461
7057
1006
8628
5565
758
5659
1625
5278
8740
2280
6689
1327
6933
3508
5737
5378
2125
8059
4480
7642
7497
6387
2592
5073
1615
1153
2426
9037
5457
4725
3673
494
7957
3018
8143
242
2231
3961
6449
8565
590
7377
2941
7510
9563
6401
69
9236
5943
4166
4981
9809
6250
6940
6740
1811
8251
5978
8195
7935
7581
5970
4920
1686
4104
22
9251
8414
1264
1948
6423
6916
6803
6265
3944
3362
7919
3314
8065
6814
4926
5246
6308
9145
1907
344
3979
3918
3225
8145
3631
3172
3186
5600
5158
4846
8538
4790
2098
7144
6919
6956
3389
9270
8690
4746
239
1944
2200
3356
1008
2926
2975
623
1723
5429
2727
8913
2909
1246
1439
792
4663
3926
283
2127
8085
6941
654
9795
683
6741
5285
2783
6705
3809
6566
1464
3886
9824
2184
3855
9499
871
3382
2320
9840
8082
427
2971
1836
8876
9638
7221
9257
9085
663
5338
7170
5241
5875
475
7143
5284
6531
6121
7953
3460
2956
579
6856
2329
5895
9845
3807
4532
5313
5491
8471
2118
1887
9980
5994
7901
6055
5479
2301
5123
7812
941
5495
5776
8613
9452
6230
4106
9058
8242
5682
9541
5605
625
4111
4449
6316
7973
417
2924
6701
4519
854
7530
9442
5683
6066
3046
6024
541
5936
9196
8776
1291
9025
8076
7696
436
8198
2915
9985
4687
8526
9624
5015
2086
1045
8644
1630
9074
5473
4662
9656
1363
6760
1494
4912
6323
3010
1818
8098
6548
1959
3562
836
3957
2820
7824
750
8720
5857
599
8898
5883
2361
3715
7266
7086
3073
903
7982
1187
5505
1762
3861
6376
8477
4253
7495
3532
1036
5363
2250
9298
8896
5488
1581
3646
7634
728
8887
3083
7677
8773
8456
6130
4492
104
5837
8266
9323
1040
2209
7368
1982
1631
4543
6581
1359
8556
5575
3359
2462
2656
8564
8846
9702
5426
6028
9666
1802
3229
8516
5649
9411
7063
6643
453
8669
1137
1974
5155
3666
5064
4642
8869
3980
9934
6644
6260
2553
9118
4805
7890
9399
4699
2690
7825
3613
4991
1222
8046
998
3416
8130
5300
2614
6181
8594
5544
8229
7287
5254
8323
3757
1785
3100
5922
1642
3823
170
1402
8049
6164
8429
918
4929
6334
7736
3094
2039
4664
2996
4758
3647
4775
7994
8603
1894
3888
6286
4060
7100
8937
3984
2305
8774
3279
2283
3896
4013
2172
950
8721
2063
2704
1273
5170
8607
2852
3789
3763
3735
7248
7220
9660
2041
1499
7094
889
2774
9400
2806
8237
4160
8290
1450
5113
2398
5302
9630
4108
3124
5468
6288
8990
6184
4129
6321
5628
2861
9874
2393
5992
6478
7424
5727
2919
9021
6607
8252
4951
1772
3734
9953
5707
6294
6845
2186
3057
9955
8328
9365
8950
3061
1087
2232
7651
8651
1599
2671
8452
2887
1016
5098
8415
3353
6146
6000
5997
9815
5558
1070
6799
1381
7664
9929
5572
7363
6567
2302
9580
4645
4273
8292
9816
8119
9826
1216
958
5718
6703
2954
1251
2049
8540
9979
9113
8245
3653
248
5205
1196
322
4875
6202
9818
3552
7844
1174
5820
4671
7098
4161
993
445
828
2273
8729
4201
7533
9405
6442
9775
5266
9604
7587
764
7095
8430
5655
3280
9397
845
3791
5678
2960
6229
2223
4831
395
4005
6646
1831
7899
1255
1655
1522
5162
506
2076
6824
4601
7157
7747
8498
7597
6196
595
6668
9427
3401
7158
607
6702
5475
4153
181
814
2617
7763
1048
1586
2832
7663
2651
5874
2314
5937
6042
2286
1568
7601
6999
6495
6293
8254
6225
9063
5919
9771
1391
6432
1158
1877
9614
1747
4117
569
6605
3658
8000
2387
9978
3182
5756
1832
8260
4946
3717
779
2298
7111
824
372
9804
9506
8320
3299
5425
9870
9774
7575
4772
878
4809
7218
4179
5860
6243
9479
9910
1717
342
9177
4633
3920
8041
9615
1956
1761
9280
658
1892
8899
5026
5710
9027
6753
9890
7343
5800
9219
1699
8187
5590
6834
7228
2933
3067
572
7988
3643
9779
7020
2634
5249
700
7190
2339
3063
4897
9444
2456
2763
15
9673
4560
470
1822
5197
4383
9742
8382
1022
816
2812
1740
9863
2391
6687
1194
2241
3252
5957
5907
8707
8722
134
7542
4915
8113
6424
3685
900
9045
2489
971
6330
2096
7399
2837
8683
6149
6807
2802
3269
3448
6528
8453
513
5764
166
1284
2747
6638
9248
4291
4495
5569
9445
3976
4732
2061
1502
850
6659
2510
4977
5127
1202
6362
4788
1401
7947
829
2602
959
8129
3605
9599
7611
2208
6472
338
7749
1034
8510
5318
7407
6485
9869
8748
9088
3742
9552
9561
9393
2564
2599
3860
5056
661
5461
8601
9938
4431
604
3883
5918
6377
7945
4217
1601
4265
5256
5379
9139
9014
8618
6
281
2207
179
537
8639
783
6283
9169
9553
1199
420
1368
962
6842
2637
5062
2556
6722
8412
5061
2109
408
4733
4353
5761
832
1588
3630
1685
9790
6801
2632
4290
3567
4815
8671
522
4650
9232
8805
6072
260
5421
4474
8574
8247
4294
3627
798
9385
3700
2946
975
384
1049
7202
33
7912
3783
7647
1161
2822
6529
7465
2576
5752
7952
2758
3994
4214
9127
8360
4905
9293
7479
7588
1553
1035
9838
6277
1
276
2168
9189
3909
9237
6320
4263
8100
6767
4389
6437
5311
1390
2486
5448
8152
5143
4580
4229
3868
9454
9072
4566
1249
5664
5248
1632
1164
23
5733
6344
7526
3464
4555
4636
3907
7034
633
9171
4969
8923
1309
1525
5141
2648
6053
2058
8709
2906
3372
5003
9373
8655
8293
5276
7126
8624
7834
6317
9674
7281
9555
4985
1744
2220
3578
2773
3569
6467
6869
8066
3313
5107
4126
2642
8003
2449
4341
8974
1881
2993
3360
3419
1514
1954
1413
8961
9077
2626
4124
5903
7382
765
5524
6535
3285
9220
6214
8177
4112
7115
6150
574
9371
723
6958
776
9240
746
7169
2082
9999
2272
2249
4267
9585
1144
8416
220
9708
7314
3084
4116
1399
9744
627
5755
2688
293
7484
5658
3192
8178
6457
3608
5993
4491
5730
9513
1980
3452
5419
271
5835
1412
159
7433
8715
905
7253
3241
3852
8362
4826
9657
4585
423
3692
1799
3727
2066
7346
4156
5418
5519
4287
1165
410
2551
4852
809
4782
5512
3139
6012
3945
8533
175
2890
6076
9745
5856
2990
4324
2945
7883
9766
5636
2713
4002
7044
2083
1275
4552
6483
6282
3099
5589
3988
1510
8731
5054
9943
7660
9925
3142
3481
1436
6606
2161
4872
8227
348
6630
9384
2234
5454
8386
9543
2874
8151
1539
9549
3501
2777
7506
8945
1320
2669
8677
7827
8877
6511
3591
5637
1570
7123
1347
1218
6396
7434
5618
9370
2883
4954
3625
4248
7301
5734
6262
4015
9646
8622
2653
3278
326
9769
2071
3273
4530
3201
2947
9185
8159
1491
6891
6597
8267
5031
1659
1315
6781
6410
3624
2216
3941
5560
2964
4735
1627
9655
5283
5407
3985
9055
1379
8352
3228
4681
7879
8801
1935
6620
4147
6616
4722
4098
4837
8798
3358
8123
2153
2664
5012
9394
3966
3427
8319
5779
8697
5958
9856
7045
9827
3718
4640
2105
6118
9453
2879
8262
7801
7619
9287
375
1228
7101
6102
6191
5708
8792
6128
8396
2065
6809
6754
2949
3135
7225
4312
9320
2569
9052
9466
6735
5873
7693
7297
520
6255
121
4254
1042
6019
9285
4396
5041
6841
9847
9554
7138
3487
346
6662
4496
5437
2847
8769
4632
9026
6717
1195
7882
5237
8864
906
8205
1969
4407
2998
3267
2178
321
8903
3209
759
7595
6554
7162
1577
3798
5040
6909
4595
448
8724
8269
1731
7441
6928
9332
2957
6570
9480
6952
1671
9065
6959
6451
3345
9920
9844
7207
9222
8203
909
5852
9521
6155
2984
14
5769
1882
951
4197
7666
2126
7180
7470
2411
583
3340
3439
2354
74
8432
9578
3115
5777
456
6064
8216
2600
7210
9729
9186
4567
1804
8061
4186
7499
9401
8767
7217
8910
6167
9259
9735
6235
6425
4860
355
4937
9629
8209
3924
4945
7410
6634
7730
5939
7308
1657
7408
7523
4787
358
4081
6156
4482
1340
4502
8686
1628
7625
2015
7394
8835
3155
7858
4411
2643
163
1098
2421
979
2001
7459
6374
9574
3750
6345
9895
5386
4330
5858
5846
2079
2607
5019
4358
2008
1652
6944
9740
2925
4084
8676
41
3482
3850
4295
6075
5645
5086
1234
9338
8249
805
6750
6764
3831
5059
2081
4628
8807
2606
7411
6487
5766
9504
6153
7194
3746
9743
7552
1647
3309
5518
2857
2340
7914
8661
238
6165
9823
5888
1719
4200
4343
7428
7779
9233
1550
6876
4704
4933
7756
2681
1298
3513
972
116
272
66
1058
8383
8530
8991
6692
142
4169
8856
7741
7214
444
5370
2753
3714
1014
400
4597
7712
1654
7579
3377
9205
3150
9518
6124
6543
5365
9768
6576
231
4315
9559
4514
9637
1573
2813
1459
6802
8929
2064
2835
6335
3864
1779
9683
4238
1414
2757
7599
2379
5271
9471
8848
571
7743
9732
1166
849
4344
3799
7731
9567
2550
3349
9792
5442
7815
7204
844
4921
2487
6981
2613
8802
3958
9465
1547
3657
9447
9696
1191
7067
6458
1250
9603
2185
2377
6241
4606
3369
9780
9455
7088
5199
6592
3821
8013
19
3394
397
6601
3217
4323
8924
2068
9339
4667
1733
8043
9374
3108
3423
6448
6629
5573
1640
3329
1768
4232
5809
4473
6938
5701
5400
4227
7352
587
2090
961
8860
714
1563
887
1084
2384
1163
5396
2443
7392
1534
8537
1595
9022
1695
7275
1965
9886
8475
4413
8815
9379
8153
8303
5825
6580
7846
5969
8703
5793
2581
3652
5507
575
2686
5914
8193
9752
7829
1279
7427
2604
1135
1383
1511
5413
6380
8512
2461
5373
7547
880
2201
3526
1963
7962
562
1003
3453
2672
2165
7590
2257
3723
4693
1590
3158
2333
5670
1583
9208
7678
3737
2736
93
8392
9112
4136
1938
8599
1189
7360
7475
3021
4652
3900
6561
881
8376
9154
6622
6069
7038
58
1056
4062
70
3987
2498
7
2007
6499
657
3320
9983
5892
2683
6044
5305
7558
47
3019
6866
9044
8443
7557
9303
4516
1303
345
3528
383
7715
7980
534
5712
6840
7455
9407
2438
2269
3304
8602
3102
613
8554
6695
1498
9866
28
8695
6536
5377
741
775
9899
2538
7793
7617
9041
9180
8708
442
8702
2845
8273
4167
6746
6706
9831
9496
5553
2939
936
1679
8727
1365
4562
359
214
3684
8750
1598
6697
2746
7939
5807
2797
1634
9295
4176
6864
1508
8783
9032
6603
2885
4769
9919
2841
6491
7046
1123
4086
3413
7654
7454
5274
9877
3365
702
7319
6426
3669
2060
1140
5142
4882
3844
9956
4507
944
8745
6534
4539
1258
1604
6151
3368
6914
3716
3906
9672
1945
5559
3024
8880
9777
9723
1702
7673
2900
635
4487
600
65
9494
3350
8637
2094
9820
5562
6885
4191
2779
1815
5240
2598
8283
4188
1394
3391
3967
7920
50
3803
7108
7892
334
2288
9709
9546
6997
3772
9313
653
8074
3328
2596
7215
7027
2944
5101
9288
426
547
199
1458
1710
7183
4366
7187
3295
7141
2266
433
8742
1732
3145
4429
4078
2263
5631
9336
8357
9865
5753
8559
3559
8438
2420
8093
4140
8739
5177
866
9733
7285
6865
4094
6029
3811
2292
7437
6995
5687
4332
8716
7401
5345
5812
3343
5920
4780
9392
2025
1557
6645
10000
7153
16
2221
7501
7078
9184
6398
294
9446
9165
5987
9787
7564
3077
4092
62
3801
7822
9291
5762
129
7614
2923
2170
710
1096
5481
2628
3892
8906
4049
6443
7429
3133
1139
5482
7472
8604
7018
9681
1994
3128
9076
3455
4625
8053
5715
9753
136
640
7236
5380
6573
6213
7329
4444
3545
8871
172
8244
18
1377
106
9152
5048
6571
2012
6041
9017
8422
5668
4365
4862
7125
8086
7091
1544
6045
4679
4359
9441
5083
5312
1591
6435
2635
7956
8022
6857
8264
6006
2804
5861
4223
5839
8351
1800
4139
4150
9402
6040
3938
7808
7051
7928
9903
6509
1083
4864
6404
3751
485
969
9473
6649
3261
4609
5337
9987
1716
7231
3127
8704
8634
7974
4691
2739
5410
1750
91
9834
5581
5352
85
1718
6186
9947
9986
189
5979
4137
5525
4777
2723
5863
4369
1254
4525
1607
8421
4469
1446
5714
6295
4208
1097
5089
5235
9366
1726
1387
5322
6766
9839
5743
2078
5111
9812
3207
7488
6339
6173
3485
3311
5815
1351
4425
6383
2180
6984
5259
8879
3122
9605
4264
2173
5912
7175
1947
1496
4811
9994
656
9958
9594
2907
5201
3541
1597
2251
2547
7549
5472
497
5598
1937
6392
3931
4202
8928
2979
402
195
6013
9100
5397
8519
9641
4010
9685
3274
3946
8370
7449
7075
2389
9912
3248
8905
632
6103
5004
4583
7196
2138
2350
3035
8375
3491
7127
768
8953
7372
4801
843
9665
5931
7077
9
9491
8482
7860
7807
1013
1044
2844
9206
5185
4970
389
5850
3005
5033
9894
3445
3296
4927
9261
505
7249
9694
7442
2481
4305
6569
4045
3233
2027
8962
8814
9234
9382
6575
1512
3637
1437
4488
1110
7039
621
928
1756
7872
3055
3431
888
7816
1093
6619
9347
1921
2808
9129
3112
6849
5147
4736
5833
9122
5184
4594
4109
1865
8
1343
3193
4582
4623
5639
1376
8478
3515
8472
3796
6360
4878
8511
5945
7365
7423
6723
1682
5294
6832
3291
9464
1480
6008
6357
4968
4785
1678
6299
945
9662
6800
6033
5527
5304
2679
1805
1584
694
5629
3785
1245
1758
8361
9855
4776
314
7540
3934
5514
2038
3775
9633
5420
8433
4955
6790
7233
5876
3660
4866
3611
60
1748
3470
1835
483
4531
5021
2277
9031
9982
9301
4056
5384
895
6990
3032
7757
6881
3999
7245
3672
6625
4789
8380
3563
349
2158
1727
7836
5690
1335
5262
2618
1623
761
9519
7223
6074
5603
3978
830
3258
7976
6743
2374
9562
1807
4464
7015
3450
8202
1372
5450
1781
6902
1308
51
275
1571
1707
9104
6557
71
5139
9190
1972
1492
6934
6245
6862
3914
9663
1962
7750
3701
4816
8365
6169
2446
4262
1903
1688
5617
2261
4103
1582
9029
3671
8398
7174
3282
6358
8520
6690
6073
5521
4255
8275
9054
5058
4622
4257
955
3536
8784
2927
8589
9456
1915
3354
9718
2245
8956
8182
73
1266
5583
4521
5782
4635
6599
4824
2155
2088
6897
2745
1274
5290
1046
8316
7710
2107
985
5484
3098
1901
5657
5320
4850
3074
9515
949
4657
8499
5486
9811
3782
4348
5298
696
940
9784
9677
2016
2846
6409
173
8828
3547
3277
980
2287
6201
8030
528
7964
7122
3020
9906
3760
3090
7690
8042
3054
3157
4163
4218
1787
385
4258
8223
9173
2546
5526
3325
8385
9164
3749
1221
2187
5662
8447
1422
354
6875
8400
6609
7061
3554
848
2406
4420
192
7849
5801
8888
2869
3903
6324
1197
9166
4075
251
5615
8176
2253
8966
1975
1537
3546
8001
6218
1111
857
2108
7114
5928
8322
9481
1645
9507
790
236
274
3381
3702
8897
8577
7102
1229
1398
1466
7797
4961
5927
7868
6593
4466
178
6679
4400
907
7013
5092
5867
6411
8631
9358
480
8539
3837
3300
2472
810
2210
2689
3341
3454
131
9914
3082
414
2674
780
6175
634
1753
5934
3227
2911
4918
2654
7270
3514
3553
8725
5126
2048
5045
3400
5652
8939
4884
5344
712
8347
948
6654
1366
7782
2980
8528
8444
8062
3743
1094
5725
2360
2705
1323
4624
1403
6583
1455
7031
2195
8431
5043
7689
3558
4475
7312
4675
6222
7268
4373
5103
1884
6730
6197
6082
981
2403
7684
3045
7184
6125
8142
4121
7119
6582
890
9625
1224
6083
6048
1434
3504
5422
7246
3289
3104
3705
1532
7116
5277
6904
6474
4914
9048
9942
8623
335
5679
4868
12
9640
5960
6086
3351
2020
5545
7613
2370
4706
4558
3580
2562
5550
8522
2994
7331
2641
2415
1684
3040
3357
4309
4230
4978
8518
7400
5901
4673
6314
9586
8853
1461
7513
8654
5697
3891
8424
4022
1019
8977
9341
7209
6777
1296
5738
5094
8284
7259
4895
1005
8311
1939
9639
7355
8325
8240
4274
5193
8958
1080
257
4692
8052
7485
3870
2075
9523
861
2541
8612
4958
1618
2084
3397
983
6813
5663
4698
4292
5866
1837
6553
3622
8824
230
1794
8024
7178
55
3905
6888
4079
9276
9043
8608
5443
666
9163
7893
9120
9125
4940
4445
9959
5349
4243
3387
4120
9161
9600
6994
6693
6232
5465
1906
7780
946
7943
2652
4892
8915
4484
5087
1925
6521
1520
1663
391
3995
1966
7996
5915
9060
261
3178
7746
7311
1235
770
690
3551
2400
7828
9068
3695
5667
2699
7150
5785
7082
1354
6273
8829
4195
9331
6468
7035
7949
3589
9209
5327
5035
6793
693
6681
644
3619
7381
94
8355
8055
9849
533
636
2528
4808
7362
8393
3800
3667
7476
6587
3385
7904
3196
4064
8211
1227
9611
6745
7132
5055
5074
8616
5218
3121
1430
525
4053
4494
4128
1175
4676
6507
2408
9648
2341
2164
7748
7529
4219
3432
2590
5952
1299
543
6594
5500
1737
9093
8972
5798
4669
3199
2859
1182
2495
767
6160
2677
4090
1038
2729
3856
9776
1600
4004
2895
6715
509
6166
3698
7307
9398
2425
1154
1243
9039
1241
4233
3675
8450
9526
2349
8165
6843
6774
808
3087
8755
1986
8930
2799
9197
6488
9570
1676
9557
6915
3879
431
6787
5576
9141
2942
7857
2768
5842
1361
8659
6354
2044
1373
9714
7354
2725
800
3664
4547
5324
5027
2247
1708
5387
1214
9487
3506
7345
1079
7412
9006
409
682
1007
7378
5632
3566
8647
676
6276
9540
8051
9761
2270
7265
3417
8486
2958
1188
147
1929
6002
7924
5610
2910
8314
9421
1888
3890
4215
4743
605
2684
2054
7566
2116
1509
4713
5323
9757
5546
4535
3132
1451
7065
2952
8025
7679
1661
2267
3680
7370
7004
2818
7550
4702
9628
1755
8600
5531
63
3510
2644
5834
3609
9458
7855
8327
6096
8020
4058
5749
9550
6946
6084
8674
2545
5440
7068
3301
3530
3719
2070
1448
419
7927
6769
2407
9649
3238
3948
7121
9548
7785
6328
5081
7508
873
4130
3970
3939
7803
646
6348
597
2741
6413
8481
6831
3825
7918
7299
813
9797
9930
591
3371
2968
2005
1725
5376
1112
3235
5595
6370
5325
4682
987
4451
3534
9300
458
2473
5648
6402
2312
1535
1816
7652
1017
546
310
7806
2873
5389
5547
5626
7809
5905
6309
9067
3531
5455
6407
8228
7633
6431
2737
9019
4944
978
8593
6966
3829
8149
4619
2552
2308
4019
4637
7005
3650
9162
2202
8091
5011
7130
7790
8164
6403
4689
7688
9047
6985
3330
2395
8023
9327
332
9722
6070
6710
2868
7620
5351
9542
387
834
5597
7570
9292
3962
4621
1442
9050
544
1101
4052
7789
1589
7708
2640
6996
305
2988
8139
4441
6788
9991
6736
4478
5018
7913
2943
711
2512
3443
932
628
3478
7535
1306
1485
8670
4509
3975
2615
6446
3570
3312
3179
9170
9417
8337
5261
4964
4925
4715
5301
6390
3166
9664
2612
2053
8688
6588
5665
1316
4281
1223
5409
2759
6428
3224
8389
2248
4428
6648
2800
2035
3568
2743
7205
3996
8951
8994
3113
5780
4726
2794
1321
8017
4755
3483
6684
9210
1378
1023
2129
9249
4096
1911
6568
4376
1518
3352
807
2004
7861
8889
7685
7682
1147
4538
111
6737
7171
596
3865
186
5112
5357
6913
3249
3778
7745
105
4031
2219
3527
2593
3081
5965
2814
9601
7117
8050
8387
4554
8837
2383
46
1024
4934
2809
5563
589
8515
3889
6929
8952
9634
9878
686
7941
4803
1713
4018
6108
3901
4276
2499
1141
9909
6340
5728
5503
5568
5709
938
39
5973
1742
5881
9079
3947
182
6100
9418
2514
8232
302
1018
125
9033
9134
5790
5879
3271
1656
4011
2332
4340
8124
6967
2886
956
8872
9101
6203
7072
5564
6595
4727
2281
8397
8120
3525
8625
4608
7235
6602
8248
3574
3560
9796
86
4021
6091
8752
3925
8045
1666
243
1529
558
7338
1789
264
1566
4794
4234
7610
462
7979
3287
4614
8426
2840
7099
679
7182
9078
3688
5647
6920
1594
3144
3557
1213
2077
3048
1698
5591
8338
862
4107
7565
2422
751
9109
3983
7658
9092
6749
4523
3175
6520
6144
5541
1467
667
796
3502
4683
3876
1619
9468
8479
7257
9062
3724
9908
1420
5008
2032
7553
7090
2136
3263
1784
7612
4791
2691
8973
1886
8587
7573
1131
9566
9981
8106
8467
10
9105
8761
8875
1567
4994
235
4607
1015
1143
5788
3297
6200
7439
5149
7648
1374
9477
221
6477
4154
8480
3143
7142
8810
1902
3383
9042
9724
6815
4199
1556
6123
2675
4513
4132
1382
4561
3732
1009
8578
2912
2014
8555
4797
6162
967
4696
4960
4965
3486
5181
4282
8596
9202
7823
8300
3691
4102
4616
1665
8167
3648
2021
270
9689
6586
5968
8465
1244
7369
3195
5768
1904
1200
2167
996
1443
8173
705
8878
6168
9436
2450
8185
1481
2917
6176
989
9951
8900
8391
202
901
7543
1122
4557
5452
8744
3078
2521
7909
4302
7655
501
2574
7054
4310
1677
939
9785
4627
5933
6001
5805
994
2707
8109
5044
8315
3219
6145
9583
7087
7951
4405
2978
1554
7657
7042
1883
947
8858
8591
2069
8168
6713
4349
1879
6104
5889
1180
3659
3420
8487
9595
521
4631
9380
6490
2962
9192
6242
3954
660
3447
5
247
9868
514
4909
7800
3136
4871
8617
7155
4941
3929
1908
6057
3810
9941
5075
1225
1089
2124
894
4382
2938
8409
5802
5616
9007
3730
4738
203
9830
3037
6110
7813
8845
8112
982
5929
3819
438
6227
4453
8849
5145
6337
1867
3316
1404
9880
6505
9802
9721
4048
1955
8147
6462
1081
6550
1936
620
1543
5917
9904
6810
3418
6854
9151
3836
299
2889
174
8483
538
2764
3215
9952
8250
8326
1326
3683
8551
1978
5911
8255
378
4956
2931
8411
671
5981
7118
2169
5148
527
2375
1329
5601
8101
6623
2197
8446
5250
2352
9107
9739
2791
1304
7835
8083
8615
157
7559
7071
536
9275
5986
1301
4686
2444
8891
2131
2511
4003
4172
8231
863
9330
1068
977
8782
5864
1612
9075
8967
9070
9765
1397
1428
1931
3463
1170
9621
20
4646
9476
5234
2803
4620
3457
499
611
6936
5467
7344
3137
4185
2742
1073
2715
5831
9984
1350
9968
1808
4988
5230
2177
2709
5133
5510
1168
2255
6292
9269
5239
4975
1065
839
5539
5017
8259
5877
2790
4204
573
9486
2601
9207
9460
7997
8166
6300
8371
9360
6962
7398
5013
8997
2114
3722
727
9645
165
9308
3629
1155
6438
672
6894
8732
3986
7156
2913
5759
9915
1388
673
1996
2631
3937
377
9223
5251
5036
7786
7900
11
3882
2469
5228
1813
484
9922
4250
5037
7303
6211
465
7332
8115
6355
1476
561
6367
886
301
5538
3898
3875
2047
9693
8081
6830
2531
5758
1032
2611
7323
7616
3511
5676
7680
3086
7721
48
9617
2385
98
7532
2865
3989
598
6099
6709
2229
5279
5530
3430
5998
6890
4903
5153
5513
3230
2347
9627
4145
3162
4183
606
8150
1587
9500
5445
9188
8462
2135
1362
4283
4549
5898
3770
3915
1918
6101
9435
9273
3968
7168
7491
2018
5760
476
6341
5198
6353
7886
7413
4316
8241
2141
516
2304
8500
2386
1447
662
7805
2451
3436
8434
1119
5651
9241
7081
9265
6516
5252
1961
2717
5280
4701
6259
1407
4876
3943
6220
3959
1212
3863
7772
3871
5816
3755
1501
3571
7006
5403
3130
3324
6450
3205
5441
4674
4942
8278
698
2901
278
5849
8442
3913
709
4900
7440
4057
8514
4705
5402
8691
373
4063
4269
5522
3835
2864
6198
1124
5367
5669
2026
602
6364
5395
7066
7916
6921
4550
6708
9539
8146
9119
7208
7670
5393
4300
8116
6497
2059
9263
9810
9178
228
6559
7739
5120
2493
7687
403
9012
7978
4221
1964
6054
9147
7243
6822
9089
668
2133
8975
6596
4479
7148
4571
5828
3710
7029
482
7263
9801
8944
1192
8015
2228
9387
2752
9852
4974
2588
8874
5935
6067
5106
1820
2795
8959
9807
2698
4922
4101
2310
2193
9322
973
4261
1670
4415
7350
3859
370
5977
8620
8439
53
8681
1473
13
6637
8890
4372
8363
5964
4071
8948
6005
6844
9153
7985
1331
6115
3725
3222
7986
9651
4644
1043
3548
3711
9344
5404
9650
8258
9746
8132
4752
6256
2687
3200
5894
6686
7188
6456
7737
7450
1028
7200
9976
884
4293
9533
7695
9396
1423
9591
4670
1262
5806
8007
9971
7357
464
9131
695
6785
755
7203
6106
3960
4528
3380
108
9525
1730
7199
3129
9535
2502
707
3767
5131
7534
3950
8428
184
7840
124
9905
6670
5830
7503
1782
5392
4576
1776
295
9564
6289
649
551
9343
8749
7944
9214
8541
8842
8971
870
1875
3505
502
8932
8699
7176
1971
8199
6257
5372
9250
8825
6964
760
5552
4841
5076
3690
6205
3832
7456
957
5622
3981
7960
9832
2291
4436
8071
1278
253
7669
21
3603
1551
9221
1765
4520
6855
3017
9503
113
7348
2575
6397
4759
1026
164
5253
1967
2667
3676
5052
3283
2762
4143
5771
6527
3765
6090
6475
1690
5748
2344
3885
6627
5956
4493
95
5967
160
8693
5232
3535
9873
9149
9484
4887
2483
8372
3069
6850
1099
6269
7290
6604
2622
3405
4893
7650
6665
785
6632
7621
1998
7474
1932
3592
1564
1985
8048
8217
8570
2334
9581
5921
300
511
1409
9946
3733
1282
3582
3633
1012
1970
1453
3677
2366
1872
4762
64
4581
2036
6379
9195
6239
9423
9916
9194
897
1852
5333
9335
1649
7796
4055
6943
2766
9461
2242
5515
5431
3370
6219
5427
7425
788
7463
3088
4334
1116
9414
5705
791
8155
7294
6960
7714
3321
1051
4416
5634
4656
6968
4963
4286
9424
5961
2871
6515
3236
4839
4807
3693
4242
9157
1880
9437
1527
4440
9921
4138
1952
4367
9304
100
8448
7820
519
282
5775
1648
4418
7512
6336
7906
9588
7260
1898
7136
2477
7464
5684
5586
6430
4881
8911
5506
265
9199
6159
4500
3384
5938
2392
8035
9472
3006
9741
6311
826
2583
2419
9030
2695
363
6546
6240
752
7929
9020
6674
3808
3721
9363
3699
3171
9497
5794
6280
8334
2315
601
79
8680
7593
2565
7722
2816
7799
6207
7580
1020
2894
5023
5030
6991
1102
7146
2798
4943
6838
8981
1248
8643
2875
8069
7277
1609
6870
2735
3398
2192
9492
8992
4091
1668
3781
145
6025
8733
9710
6639
8919
7703
439
3262
5348
7910
9439
5238
2074
7473
3251
6872
7659
1780
3771
2540
6378
3936
4331
4317
6452
7286
8718
5174
5187
1885
8976
6489
7011
7212
8208
748
6454
8268
1353
2112
6589
107
8410
7629
609
4639
9144
9084
7261
2326
1332
3146
9907
6518
811
2908
1788
3977
875
5082
337
2842
1769
2145
8772
5096
3689
4472
2936
8650
5138
1874
496
6279
8926
3713
8882
1077
9080
3579
1238
9893
8111
6556
1754
2431
7702
6209
8850
2625
1724
225
3260
4279
6835
6068
9056
4844
2439
7768
9000
1868
2781
581
5307
2586
2811
4976
7851
5375
4737
5666
3621
154
8550
4823
3493
577
7333
6979
9081
4355
6667
8787
8816
6663
1267
8687
6719
7862
7213
9114
557
7160
553
3974
4346
4189
898
650
4180
2585
4152
3881
7637
6161
3062
9964
4362
2482
7023
1290
5242
3408
3095
4099
5215
3327
2051
2950
5398
5434
6187
5532
1613
5164
1910
4228
4685
9531
6880
1864
9121
5474
6748
3027
5405
6738
4113
8918
4115
9342
689
7280
9413
4001
8689
2309
1142
2022
1201
6496
6626
7387
5080
5916
1664
8812
7934
6287
6329
1950
5732
5097
8996
3334
4347
7713
4989
6077
8955
8980
7539
549
2274
2810
8673
3033
6461
856
692
3440
4511
2721
7494
211
6470
8169
5711
1178
6655
8186
201
2364
3243
2268
347
6955
2561
72
9369
963
3068
8831
6271
8841
6382
8454
9883
4592
2294
4577
1242
1118
1385
9884
9954
6368
7674
6208
4578
842
3106
109
968
8883
9758
4159
6992
379
8445
8274
2424
5677
7752
1942
7010
3399
9297
7145
3919
7113
7891
309
118
3120
7582
8572
8692
1576
2708
6385
7668
5477
357
2987
9966
7256
2770
9713
9272
223
9462
5602
8963
6226
2563
6698
3255
5335
9997
8390
6549
1751
3745
3529
8080
1926
9159
9658
9314
5781
6883
1999
5032
4546
5955
9806
5470
320
3240
7012
4181
4422
2099
1342
3965
720
8579
3897
487
3437
1585
7468
3411
4297
2577
2789
5698
9057
5456
7516
9962
2513
9508
4235
8580
4851
2476
6817
473
6633
9544
6773
749
7306
1138
7371
2321
2465
6302
8194
9133
1823
9598
1803
8907
5423
1827
7511
3484
7361
5466
1806
8366
8425
8822
2434
489
2608
6373
7694
1208
6297
8136
7864
6931
680
1475
4047
7255
6464
4207
219
6132
8072
1457
5613
688
9011
3846
4760
7841
2582
619
6459
4966
2345
1700
4131
5529
4471
7672
8562
7751
5770
8282
8517
8768
9495
5263
6714
8857
2645
9182
1516
92
6945
4350
4083
7241
3101
7719
560
6612
1896
8243
3884
1928
7460
5364
2579
2559
1812
5872
2367
6906
99
5533
2033
5060
9069
1790
9716
7856
130
4818
2566
289
4
3257
8542
6177
9158
215
3618
1720
9103
5549
8592
6361
3706
647
6332
7718
4655
7273
8092
3500
3687
4327
1851
2702
3042
4712
1184
6899
1905
4196
5383
3190
5862
1115
6318
5444
468
8219
6007
7804
1444
366
5681
4949
4910
6951
3028
1289
893
8723
648
7043
4634
1173
1063
2629
9136
9155
6816
9124
9212
352
1637
9734
2475
7326
6234
2369
319
7052
5606
2237
4748
5224
3828
529
9073
927
2433
8287
6829
4320
1230
5119
2825
9262
1611
4629
1620
2217
8012
5811
4190
6247
3080
6014
3184
4252
1319
5329
7759
151
3303
434
5233
2110
9704
5236
9691
8507
4812
7310
4443
5829
8286
9644
3034
6545
1090
1330
2570
37
7420
3952
2748
2152
964
4399
9520
7971
4768
49
1489
8394
4995
2091
6498
2418
5190
6023
924
4747
8786
4901
7589
7517
1146
9099
4829
2877
6847
7419
6796
2296
5720
7305
110
6272
9420
3523
9748
7049
2226
618
7568
7873
5368
3773
1031
1900
2300
4337
4877
8566
3185
2976
9678
1893
846
4328
1549
386
4924
7477
137
2554
6434
1454
4384
1635
8459
3670
394
6798
7515
8561
1307
8635
4313
4573
9551
8345
