10000
9482
164
705
3577
878
9542
7172
1408
1900
4886
172
2479
6522
9310
1895
9117
48
2302
5981
4829
6515
2830
798
5335
2279
9785
5595
846
4941
4661
6612
641
6410
6837
5425
8110
8548
7052
8254
6474
2809
7011
8866
737
2706
3296
2736
8813
5464
371
5946
9778
9315
5624
6372
2894
5716
2510
7407
6487
1487
2443
477
3965
3101
9107
4441
6463
9159
5860
2124
7627
7187
8850
5283
9628
2576
8974
295
4602
4555
4105
4312
2599
6305
7390
9238
6723
82
3195
7459
9155
7751
4405
5417
5792
977
278
682
1842
8652
2583
919
6047
8869
3032
2364
8957
1856
3773
9344
1901
9256
4093
3870
6380
6526
7330
6054
1616
974
856
5874
2119
3957
6302
8695
3978
8480
6686
1804
4066
7470
2905
9597
9824
4913
1299
3516
6737
916
258
4100
9055
20
8154
8884
1701
1770
6636
1547
556
5115
3485
2311
2036
3430
1281
4538
6206
541
4609
8384
7992
2543
3786
3551
7487
9342
5528
1981
9992
90
2719
8027
5548
5202
725
7296
9624
317
5512
3212
6863
7335
5723
6617
7965
3677
9774
6889
5735
7849
5184
5257
572
3520
8744
4159
795
5547
128
2665
6471
5881
9172
9550
6713
409
6997
9963
4796
9795
9557
610
5590
3859
5432
2780
6472
2385
6427
7420
7779
7782
9038
460
3637
1852
1041
3725
384
3342
4706
7815
1887
1302
6791
2233
8855
392
7996
7983
7093
6586
4319
8930
1059
3479
3772
5459
6346
5308
2287
3125
3932
6475
5236
6825
4210
5478
6876
6990
9162
2683
3275
5093
4632
9982
5365
5798
7521
4402
7173
2195
3607
3567
8660
5381
4124
5588
5555
1601
6200
184
7183
7338
558
1091
696
8958
4001
4917
585
7585
3143
5919
1303
5433
1098
4214
7293
4443
2313
9429
9318
4334
4848
5839
8624
6354
5105
9410
7968
330
4710
5964
760
4548
8082
7287
6797
3047
1237
376
188
7271
6902
4869
7977
6998
9267
9497
7978
8658
4785
5426
1240
4419
7018
7884
887
1006
1049
7363
2828
2278
3198
6174
2967
2601
3417
8685
2779
8524
9775
6870
9863
7350
449
1985
9810
8114
8517
2218
9469
8703
3897
6835
7522
9446
7404
5911
2142
3907
2462
4937
9078
6970
3718
2485
1350
2417
9644
6603
7433
5480
6284
2647
115
1933
288
1118
8592
2648
7100
3300
3874
4903
7573
9994
8241
8852
7709
9976
9987
2438
841
6416
633
2496
4880
5771
5754
5580
8668
4356
9102
6418
8483
5648
1193
754
1626
4795
7761
4369
7206
1877
7315
6572
265
9311
9277
8250
7146
1111
1696
1532
7560
6884
5394
2842
6224
530
4932
9421
2991
3279
6003
4352
3351
5387
146
8247
2449
6425
4522
1259
2351
218
8229
189
2025
4427
3286
9937
4382
5239
6816
9680
5166
1707
4504
1821
9244
9335
9929
3569
7319
8876
4324
7762
6841
5657
6964
526
4934
6973
6454
4076
7879
1543
4383
7482
9660
7929
4709
9571
8129
4350
6993
3329
400
5052
9829
3311
9780
3165
9317
1977
5393
2730
8220
2274
6328
9329
8994
5980
8617
9023
1805
9706
140
2102
5195
2749
1159
4371
2049
1250
5690
9493
2643
6215
5037
6095
8128
329
8127
9332
7158
8673
1097
3424
228
8258
33
7919
3792
3926
3293
7838
9401
9192
4269
2851
4823
623
7729
2135
5659
5005
3100
8433
7094
7749
3823
7277
6651
7252
2199
4821
9807
5712
3538
8461
2350
2171
3060
4365
1926
9128
8594
6330
3072
1424
8948
2120
8186
8047
6943
7556
2493
3651
9784
563
3515
4298
5609
792
5775
4781
277
5914
3584
6035
116
9836
4225
2027
4850
4386
7998
8337
6148
8028
5467
6011
7449
7655
1687
7248
57
2774
1359
8298
960
110
5956
1425
129
9853
734
3425
1973
3233
6027
9122
1117
853
5482
5885
615
5377
2477
8260
2527
2530
6172
9451
9249
2789
7937
4921
7061
4929
254
5439
3899
8207
727
8356
364
428
8333
1988
9985
9898
8972
5472
1533
1501
3222
5645
3671
3865
58
1854
6320
9109
6695
489
7343
7689
3704
2051
5721
5159
3856
7475
536
2937
9368
1293
5758
5049
6202
2388
7091
7946
7304
3384
430
3759
7544
8113
9312
4542
2117
8422
4512
3739
3851
1979
1335
8033
732
9255
8935
9275
6381
3074
4914
7705
1105
920
524
6017
8945
7982
7595
930
1318
8862
3936
9300
6779
3023
994
5151
8415
8868
8073
8567
7097
1990
5406
9523
3709
6610
2786
8816
191
3514
9389
8993
9820
3969
1680
647
3389
4878
677
622
355
4640
96
1394
4939
8436
6963
222
2742
5141
5398
1182
5348
2642
4573
9386
8192
3271
2738
4650
9035
7680
5897
6888
1583
2176
3844
6079
2163
5944
4563
4777
5909
5906
6809
8319
6309
3016
8581
5228
7254
2316
7943
4720
6941
9537
9760
984
5628
5581
611
6395
2426
1393
9303
1073
2041
7391
2861
4530
5279
2349
962
6505
6055
1450
6583
5790
1627
3352
3962
4611
9570
566
124
8375
4531
5770
3794
5063
4635
4606
9950
1399
4283
9294
3445
7587
7300
5434
6359
4222
2000
6486
1197
5896
2755
2164
444
1014
7558
8931
7121
179
5529
5194
899
9313
2260
7827
5148
2327
7878
5578
8041
9687
7589
5242
8708
703
6377
5708
8344
4348
2319
3247
381
7511
1982
9616
2022
9070
8034
4919
9999
5297
9063
8418
8270
9008
1996
3005
8162
6145
1615
3013
2242
5597
5871
6900
7669
7395
4577
3317
5868
9674
1783
1422
2870
5685
7356
1004
9103
9877
2376
2751
6886
1037
5950
4373
9417
4064
1645
4595
1135
2753
5490
8676
2386
2811
6039
5002
5921
83
7754
9212
2137
3235
8232
280
7441
9653
7567
959
9889
2229
9910
642
6710
1387
1974
9670
5410
5968
5276
6219
4317
8057
7819
9896
3617
405
1452
9276
192
5318
4422
3410
512
4119
9003
7507
9893
6828
5157
8420
7930
3052
6352
3662
5589
6767
4097
694
1175
9114
3754
9943
9594
5028
1966
5726
9358
1307
1030
9545
1508
2529
6914
802
4674
1443
4801
3787
9952
9956
7825
3374
8479
964
6604
9097
3082
9351
6518
6668
2649
6859
6195
285
5929
5476
8898
1527
4275
7401
6659
2686
3140
6461
728
8538
9951
4770
1407
3566
122
4953
5875
227
3252
3562
494
3624
4668
2223
5302
8797
2360
6579
7584
2699
5960
9921
3147
3834
3596
5545
32
2435
5006
6596
6094
9625
2722
9176
6511
2895
748
6438
67
4858
9494
2705
9200
6177
2308
2201
5226
9022
9534
5640
710
7345
2577
2016
3370
2726
298
693
6189
2363
4631
8513
3916
8872
3201
7454
2954
9808
863
7479
7739
6529
2348
2815
495
926
5331
7727
1829
2111
406
3930
898
9214
7759
7734
8096
2405
240
6628
6324
2506
6147
8385
8288
1215
788
8336
5301
166
4411
4695
8026
2281
2836
2505
7896
1322
51
5040
636
5511
3091
3398
9703
8731
9617
3422
945
7046
7213
1140
4006
1390
4095
8490
2291
1388
4724
4376
7795
6932
5489
4579
7066
9513
8477
9549
3688
1249
640
7299
6467
8798
1330
2202
9448
2288
4414
2970
1453
5538
9095
2053
1026
4775
8539
6882
9321
8437
6288
7383
9769
8737
1642
7295
9021
5942
7880
6343
2579
2212
3541
8402
9701
4313
1130
1438
674
297
1609
7230
561
4976
8049
9269
6793
4123
105
6238
8899
9995
3992
7678
3881
1143
9959
607
4250
5865
7038
5347
7817
3797
4887
6488
4293
6995
5784
661
2959
2881
8300
2804
2849
2213
1181
9986
5281
6316
5699
8068
7535
5816
2244
8497
5412
2018
5571
5053
4624
1894
4166
5422
4603
6329
9028
1470
8573
6591
2084
1802
9868
4022
5320
1717
8482
7975
2968
5139
1298
8783
4451
5213
8778
8441
1341
252
5652
4704
6080
9044
4474
2677
3879
3871
8409
7135
4000
454
664
2914
5474
7551
5606
7617
3450
3406
4025
2175
6303
7508
5683
5145
8901
9090
1228
9487
3481
2042
7226
5294
5491
9119
6364
4671
7074
5060
6368
8846
9009
4665
7498
1504
6589
9437
4840
5110
5316
8586
4520
7830
2194
2456
7260
3144
7035
3564
6984
9420
7963
4509
6618
957
773
9422
9677
7897
3366
4389
2978
3359
6096
1247
8215
1827
8841
1075
4431
4484
9794
7109
5230
4638
8137
3901
6897
399
8609
3587
8235
18
3812
8246
1312
1953
6111
8753
9261
2357
6325
1405
4521
6653
8633
8774
8667
5710
3711
6958
4742
2085
6599
4434
3898
7649
3657
6910
9025
4417
5711
3191
7334
7546
5544
1980
6290
6756
5270
702
8208
1800
3163
9474
9816
4734
721
1280
2597
9731
4203
5786
1837
5526
7931
8713
5984
1447
162
9822
7989
185
859
4857
2944
866
3061
9955
9260
4438
466
4175
3046
6077
2940
6627
948
1564
9188
1967
9669
9314
6781
8791
4986
1195
9757
5045
4824
5623
2800
1409
6673
3667
4774
3943
2273
8691
3706
5310
4833
9939
246
5818
8368
6975
7504
9738
6411
3110
2953
5339
1273
5519
4113
7388
2549
2825
9850
8557
9899
9612
9840
2198
5829
8358
4378
7255
3220
4647
1479
3553
5356
1171
6266
2703
1872
7661
625
5741
6834
6197
1668
5629
7758
5405
3442
2580
1226
7298
7958
6181
8341
446
401
8359
1715
4091
8087
3696
9587
3024
5441
8292
3594
236
934
8782
174
1207
6005
1196
1264
8619
8173
958
8599
4757
2271
3876
4899
6217
5280
2074
1937
5807
3616
1703
5756
3710
2501
6819
8159
9129
6422
2488
2712
6684
3213
5593
9154
8175
1114
9137
4738
1289
1787
4237
1899
6144
7898
9957
7677
7188
6754
4651
9556
7797
8427
2633
1148
5701
1270
4318
3784
7505
8723
9490
5124
1654
7472
9166
1102
6375
6105
5882
7214
7105
9742
7874
9566
568
9228
3776
4396
761
7049
5933
37
9761
2058
5845
3728
2382
1590
2008
3866
2801
4121
9105
3973
6541
8981
4236
5278
6088
5183
2889
3364
9763
5823
8678
4467
2773
461
3524
1246
9984
8485
1003
8715
796
8585
9504
6711
7009
5768
368
4391
8090
3924
7683
1007
8060
2368
9357
1867
7387
9262
3324
3441
3211
9640
8095
9065
789
6630
1814
5531
3378
6641
4622
3475
3490
593
9012
6923
6760
2752
976
3375
5601
8471
6560
4192
6025
4464
8155
3988
6398
3420
7667
4343
9729
3073
7040
2127
1722
9864
646
7005
300
2687
1784
4985
1944
3457
5941
7623
1297
7022
7639
4231
6731
8202
4936
165
5452
740
8342
2691
2594
5095
5264
6020
7402
4922
2982
6788
2984
3996
3438
3549
3964
4517
402
1828
1833
9793
2507
9413
6026
5207
6092
8473
4453
2517
3468
210
2839
1902
8382
5317
8361
5218
2312
366
6904
2371
4546
1258
1342
9131
6799
643
5696
362
9518
3130
4285
5797
9547
8378
5100
6234
9914
8475
1088
8328
3109
4498
7465
8955
4692
9463
2045
1389
3096
5234
302
2203
1850
4461
2668
3933
8085
4289
2143
4897
639
3210
5116
9607
6674
3243
1112
3521
8263
9682
9465
8704
3371
8743
7216
9588
630
4462
7435
7735
7352
3804
9688
9060
8614
9098
923
6397
6823
5240
9510
6236
3025
9596
7439
5794
5353
527
2670
1056
3006
1579
1164
4264
248
5174
5931
3306
3987
1309
8807
159
4802
4377
4335
7750
3381
9334
5862
6099
6782
5966
507
6920
5185
7199
6443
8278
1992
3666
1962
9919
8354
9696
4672
2532
3720
5341
7957
9873
4183
1556
9649
6016
8169
8527
4185
7168
7697
7286
9459
2600
7651
8775
413
9252
7756
9058
1831
1398
5514
7711
1442
1414
9589
7348
1482
2504
1883
2616
7170
8561
4449
8243
6334
8929
8249
6110
1559
8135
4847
7647
3232
7149
8376
3078
5900
7196
3343
5859
3080
7436
618
3580
9130
2191
4749
6240
8429
950
5085
2108
9892
7181
1005
5813
2347
412
5020
8942
5554
2234
2973
9387
9541
6987
4056
1851
1516
535
36
8079
4174
8502
4454
8987
2763
9403
9904
2903
7125
7686
3791
357
3680
1886
2144
4412
720
1082
8339
8832
1469
9996
9412
3650
8177
1592
9662
1103
6959
2845
803
6146
3769
97
2950
2341
1093
2161
4170
4923
8575
249
6000
4219
8029
3135
8451
7846
4699
4299
8160
7030
3048
3433
4656
749
8351
4811
7195
3302
8937
229
2713
7460
4639
4359
6758
2394
6976
6639
8227
2803
7773
1714
9375
1038
3579
2684
3912
8698
6565
5305
2570
3471
9574
5991
8664
4675
912
2375
5196
2650
4713
1888
5173
9084
2787
8794
6221
2030
1523
1741
6385
3695
8163
3586
6428
6533
8799
1666
3455
9981
5092
2182
5401
6198
1705
4152
4637
338
9384
8865
5791
1203
8456
5214
1834
5255
3802
9903
2694
6648
5586
6843
5220
3489
9983
7810
7400
9732
1671
5611
4971
597
3852
6561
8102
1481
4229
9555
3267
1188
8151
1778
6643
6283
8739
6516
7274
8918
4712
2919
3392
9599
9250
3415
4726
5935
3230
7418
3177
2489
9862
1464
2206
8967
6906
5995
690
848
8474
8221
9182
9533
4141
1420
6971
3246
6774
719
1316
525
6752
2389
5307
2482
4892
2039
6109
5905
4323
6078
1023
8916
865
8023
1413
1914
5256
3090
7802
6157
2151
3701
5340
1101
2186
194
2156
3031
9285
817
533
6489
7171
2727
4911
2035
8788
6613
5616
644
7969
815
791
6272
7622
4957
3497
4320
892
9271
139
5592
1647
283
1710
3164
6435
8348
7037
5525
6700
2943
968
7493
4253
3761
5672
6408
1486
7048
365
4026
1976
9855
119
9913
7871
3989
1884
7523
5223
2663
1141
698
6931
5572
7586
8709
2974
5284
8621
7549
9826
1199
9441
8858
5943
9245
3065
8371
4240
8283
3443
9931
2999
6287
4167
8105
9958
3362
7059
4303
1234
5577
1569
391
349
4132
1040
1060
7608
9709
4455
3756
3173
8266
5446
8465
2003
5298
9071
4861
8781
4722
1345
733
7889
7375
9001
626
9488
207
9909
7393
665
223
2173
7676
5493
9998
7995
6304
2879
7204
6669
2224
8593
7123
3734
7120
8607
1591
9231
9206
805
2526
190
4771
7674
6893
6803
9650
9714
64
3280
4260
12
8705
1251
9353
9135
8048
7340
7349
1978
1620
3401
2056
5492
1048
1153
3437
987
2005
8179
1581
6360
8643
4047
3854
9328
3255
8992
771
2587
6113
5469
3692
3057
5853
6851
1943
675
2867
3886
8656
2391
6342
8515
4399
7430
7792
3379
6547
5615
7461
8838
8571
382
7473
211
9657
978
9740
4216
6155
7939
350
7002
6689
4592
5295
4038
4410
3675
7842
307
5177
8380
1633
7239
2923
9831
3036
132
230
1776
8493
9236
3591
7297
9197
195
2625
4078
6356
5996
7373
1969
8895
4537
1929
9308
5189
2503
6861
8070
1092
686
7305
3344
7380
7272
6249
3685
3576
3472
8261
1600
5243
4580
3179
9340
439
8088
437
8690
2539
5143
8885
1169
8276
7001
9014
374
1782
7010
8187
4325
2877
5780
9968
6624
5731
712
652
1304
8990
44
2538
4979
1323
6646
1110
5273
828
3862
3670
704
5329
5883
312
6944
9292
996
1952
8638
5707
6250
341
3115
1122
823
2007
6444
9828
6559
1306
9565
933
9237
4696
7740
4044
3925
8496
7991
3045
1785
3234
8883
663
3668
5689
431
5155
1870
1822
4541
9027
3071
6152
1002
8540
4235
8976
3610
7999
7656
9605
3354
4586
6916
3777
390
2854
4834
7714
3167
447
4902
8093
8132
1411
6521
5097
206
1586
4789
3452
1467
2474
1972
2126
8386
5080
4290
6067
2618
7926
6543
6057
9227
4786
9683
8332
5327
1719
5646
9638
5725
1675
9923
7961
8092
8746
7150
4163
3642
2690
3986
928
5928
8157
3717
4326
4221
6784
7701
667
8938
2452
4645
5599
2676
1321
7806
3693
9886
6347
2759
9805
5734
3272
4561
632
9443
3178
241
1636
2210
9171
8216
9000
9157
4088
2012
3741
7894
5221
2735
5252
5222
2336
484
4535
5608
3404
991
3766
8457
411
4835
7509
4866
9949
7050
4543
522
2605
842
3582
3121
4372
8922
471
3217
4767
4664
1428
4649
9242
2664
7082
9181
676
9083
9993
6190
3763
59
1279
239
4199
6616
4502
904
287
575
4459
4153
3620
4715
3199
4949
3993
106
7456
8004
5658
9528
5089
7641
7899
6363
1397
5495
455
7140
3021
2976
4662
8126
4744
4200
3712
4483
4300
4046
7481
831
7494
5702
7670
4550
7657
6573
6256
8554
7533
2958
906
6677
9492
3864
8854
709
9797
4725
291
5304
9878
9926
3403
9288
5051
7067
8645
7489
3001
4701
6437
7455
1836
3448
7633
4898
3665
513
2720
9123
3043
9010
7115
3249
1699
7974
6950
2874
8413
936
5783
3436
5743
5458
3833
9606
2342
4905
6520
4223
4321
562
3444
6117
736
1806
7700
178
4220
9759
9681
2429
5058
751
1769
8822
4557
1869
4106
9099
3303
6626
9298
6289
4663
7023
3463
3723
6552
9394
9364
3628
4780
6926
4379
8343
6880
1327
9370
5416
4620
1863
827
2678
8245
2250
1291
9501
3152
5955
6553
5852
4608
8124
6644
7237
5108
7885
6895
1679
5558
5263
1020
1890
9113
1646
4456
4063
6367
4075
7722
3653
2033
6029
6314
2977
2071
552
1463
1278
7964
3726
768
5163
9770
8239
5430
9799
5949
7086
5261
2710
3218
2168
7137
9289
5908
6006
1354
5391
2245
3337
6466
9273
8136
171
7078
3203
3069
3998
6734
7303
3652
308
7468
1786
5543
1090
631
3493
764
5573
4926
8808
9561
4358
7695
2209
8982
7197
3087
605
5358
9560
1449
3126
6919
7361
292
8059
4041
5323
7484
50
7155
5614
6986
9804
7736
8445
2516
2095
8891
3083
334
4676
6749
488
3294
3391
6331
1604
1356
7835
7189
9150
8297
3380
3510
5520
2354
6237
8505
7452
3767
5186
9352
2945
7944
8861
2788
6705
1651
1265
3215
7367
8052
4207
314
7075
4433
2611
8707
6223
4508
8234
3240
862
8478
2603
2897
3326
6696
2850
257
8145
3325
8954
3312
3382
5336
3929
3608
1376
7445
9224
7514
4387
8860
8391
5559
4251
1142
5819
2009
363
468
9839
2520
8616
261
9586
8171
3483
1277
3934
9635
9391
7469
270
9045
3407
3578
9927
496
515
42
7541
7528
6633
2099
2017
1300
4045
8316
5802
8771
4193
118
2799
7554
4397
711
435
9006
1995
9872
7518
6892
3923
7769
1795
7883
7873
8780
7385
6562
5209
4206
7492
1009
9652
8417
9622
1756
8721
4436
2021
8031
1558
3176
5350
7323
150
8290
8244
5069
1013
8326
4442
4871
908
108
397
3229
6724
8295
9184
1224
4764
7185
2317
6050
8367
3808
595
5998
3266
7789
5569
1167
8141
3686
3593
2524
8756
6154
6210
2355
9737
9439
6093
5954
8926
4623
6671
9608
1942
6318
4084
7324
539
5523
5409
9907
1506
1444
8576
1694
7612
2157
8748
440
1366
6023
7474
2772
3292
5536
6370
3259
5840
5661
7887
9479
6042
1848
9755
881
4198
5211
243
6480
7179
8412
217
935
6448
8255
5368
9111
8446
1395
7771
2207
3089
2920
7904
9830
1491
7307
8140
8897
7629
1529
8879
6576
8230
3867
8772
7247
7732
5170
4776
9226
2444
369
5117
7809
1916
1567
3644
8450
1704
2297
6028
1801
9593
1269
2941
4311
8395
46
3305
5360
1178
2855
6571
2189
8147
3104
4037
3116
8118
7780
2269
3753
4083
9847
9733
3659
9960
9073
9790
6457
1672
6551
9610
7596
6298
1466
2236
5732
9416
6637
7087
8293
6262
3825
1573
6514
2338
2639
9767
177
5137
2631
4008
3909
6901
1632
1599
6717
4021
3601
7311
2929
5010
2418
5212
2910
8749
9290
8403
6101
1773
7161
4040
9304
9040
6353
5021
3460
9611
138
2283
5127
2566
8488
6269
2433
8098
7519
9146
9369
9962
3026
2358
4826
1423
8979
9326
6532
9415
2987
2728
7922
6317
9934
3911
7785
9195
77
3822
7339
4058
9719
6265
6403
4447
3158
6261
9217
7852
3307
9089
4959
2833
9031
2732
1530
9378
5748
7320
2113
3507
5438
8294
7673
4490
5077
7446
942
8003
4403
7409
8689
1774
9466
4831
8262
9036
4703
6186
1431
3086
1211
5238
4023
2125
5643
560
2698
5205
9324
5315
2634
8671
8264
9990
6490
2461
6688
6587
5736
250
6252
1879
4346
6795
262
7708
8156
5989
8055
2657
5012
7039
4813
1925
1518
1658
1313
5408
1935
9452
3188
5997
1236
4316
1691
4255
6813
2807
8466
7267
5
7331
114
4930
4576
521
1818
7569
9434
5563
4238
4353
8908
1983
2251
9033
1109
1936
5114
7062
3708
3207
4265
3648
398
5334
2252
3532
8584
5753
5201
6037
2586
8526
4281
3614
6018
2746
2459
634
8662
6389
3030
5388
1702
6276
8178
9964
1753
9690
5879
1657
8036
2922
6048
6371
5873
6510
9029
8950
1499
5951
2723
7767
4282
6665
8076
2427
9584
3314
3018
8989
7829
7458
8305
5574
4961
8827
6409
6230
5473
8489
8007
5842
7205
2002
7512
4958
31
5765
2651
2065
2662
8843
6740
8682
3878
7703
5192
7355
2170
4525
9201
861
2796
9634
346
1210
6580
7218
8980
4137
1718
4360
9702
4943
109
9871
4465
2475
7258
765
7534
2304
1503
7055
8700
339
5288
627
4916
2777
9126
3952
9005
9293
6344
952
7031
7836
6115
425
352
6209
5182
125
9168
5631
6295
3034
4895
7242
3373
3192
6494
1361
544
4859
7148
9609
5936
757
2309
5817
2767
2868
8077
3565
9991
9266
1536
2949
8393
6169
7389
767
7568
8321
8629
744
1637
1383
849
1029
4935
6441
8038
5419
274
5506
2362
7378
3141
8248
7270
1369
2747
1997
1051
238
2425
1255
5418
8350
2240
8407
4362
5500
701
3801
2632
2480
8905
3611
8470
5187
3464
7962
5498
8238
971
5634
6322
6527
4437
8786
8904
6156
8014
9052
3004
5570
6339
7693
1743
1621
680
233
1326
8017
7636
3385
6369
6479
1602
8506
6716
8064
6244
2564
8902
2379
4426
4477
6431
3658
3921
4845
6929
9489
6311
4053
7516
6138
7986
1248
1945
7289
5718
2325
1968
4655
4292
3400
8387
1219
5679
5706
6775
9075
9695
6175
7644
5534
1610
714
137
3828
4711
10000
7063
4753
7713
4641
505
4233
38
7222
6790
7575
3910
7208
9812
6811
1598
1681
255
9502
9989
1205
7021
7329
3882
5793
5111
9194
3357
8688
8236
8870
4129
6178
8821
7259
7811
2497
9678
3606
9053
4327
7108
6588
6770
8729
7839
4730
4338
1000
1108
6948
6366
6538
5565
2400
8438
6974
2075
6894
532
4865
354
4458
5742
268
6009
1283
8317
5516
6631
9514
540
8040
8061
1308
5745
1673
9786
244
8251
7972
4246
5582
3891
8810
5863
6693
7840
5607
6946
4432
5904
9615
8131
2766
4161
5747
9917
3534
9132
7949
3522
3559
476
6268
7955
3053
5961
7238
2614
9614
5627
4747
6836
8681
8467
9750
2063
790
2399
3334
1292
8200
353
8834
9092
6066
6647
2402
6748
3935
4719
7698
3527
272
2784
8306
4073
8654
4012
4615
4732
5567
4032
5363
4998
2592
4092
6544
9013
483
6525
6725
6862
9511
5831
4812
8146
3604
1735
3958
8074
3050
4031
8804
5188
6513
4413
1054
6097
6358
8735
8056
2243
7918
6136
5610
347
5038
5901
943
6061
2314
3719
3949
8765
279
1554
1311
7353
4658
3159
5551
3149
9408
6194
5451
8580
1755
7235
6709
3961
8050
3629
814
2052
68
8882
5370
2891
6081
9467
9967
187
6584
2318
4533
9419
4844
519
9229
954
1746
8117
9811
2704
7413
4825
3920
7607
588
7265
5709
6708
1126
1127
1557
3007
3239
5075
8725
3588
6292
9626
7396
8133
7029
95
1502
6979
7652
4657
6185
1042
3062
3428
5462
1344
3066
9772
5088
5695
2638
40
9127
2847
1641
8355
4011
8766
2956
2037
9274
3459
6118
4987
8630
8107
653
7790
1080
6810
8541
6275
6602
8370
1876
4708
348
2837
3504
9717
4997
3248
3019
5924
2110
4180
416
5789
4197
6058
5772
9552
9170
2934
6482
4069
4879
5465
7129
2810
1294
3166
8837
267
2822
9037
7236
9018
6883
9426
2392
3124
8094
4374
5411
9216
8706
2141
7008
4839
3237
1922
1947
6319
4345
4868
6485
2702
6670
1790
3491
5407
9744
2876
5508
4050
1225
5854
3995
1134
1772
2816
5035
3554
1120
1079
7650
8702
7863
3153
7564
1138
8210
7662
804
2147
5448
4429
6757
8947
8553
8890
5384
9771
256
9395
969
1635
5494
3142
1149
9837
7424
7577
3341
3263
5626
5890
8091
4810
5104
4188
7768
3793
2258
4938
1611
2509
7987
5938
3033
1692
259
3627
337
9258
5138
3327
6384
4797
8951
8481
2795
1617
7491
2167
7092
741
9287
1353
1534
7783
6129
154
8307
1500
9457
7095
6440
6620
8037
8010
3568
2711
2808
3915
5662
7327
6260
6379
2685
6196
6022
1295
9526
1728
7818
6213
3320
7945
4381
5808
4588
6903
3079
7506
9716
9932
5869
9148
758
1161
29
6165
5290
3155
7412
5729
7191
6068
3742
7127
7471
1034
7240
599
5682
1690
775
4809
1913
4523
3810
5091
6179
5605
8803
8631
6468
4970
4482
2246
9590
6393
1796
8911
8009
739
4067
3561
7951
7692
6299
606
4920
2918
7101
9900
7743
5219
3749
1461
5828
5362
2377
6978
1789
5285
3818
6493
8716
3368
8699
1348
3085
2320
1955
2010
8944
5970
1154
3893
5596
4126
3331
549
23
2383
306
5833
160
697
3133
2589
9363
5032
8213
5119
9430
3132
6934
6826
4890
359
4472
4718
1729
6729
7322
9671
3605
6722
6951
5826
3447
26
3290
3855
6162
35
8083
7054
9374
5378
3431
1563
9779
6682
7604
6679
4758
2298
9798
2239
9144
8991
1723
4310
9833
6807
9202
5550
8842
4838
9815
2241
3736
9230
3655
1550
4136
7725
5293
1276
6402
2783
4613
7794
1189
7176
9623
1584
5346
7881
8434
1072
6905
2069
6263
8754
2221
4560
1445
4471
7200
9647
7478
1057
3245
1404
3367
8728
2653
4086
3955
7821
8820
2791
9802
6640
6491
918
6327
8265
127
3707
6917
9519
6228
1176
6786
4691
3738
4743
1377
7251
5181
3631
5724
3310
49
2960
9496
356
3581
7245
5975
6697
9349
3803
3270
1930
6605
3849
5566
8362
3528
5973
999
7313
5641
9788
3453
8183
716
2912
7079
424
6663
7167
2741
2560
6044
491
9435
8565
5397
3846
5827
7527
3439
6874
1775
4111
4950
2047
4263
2541
864
415
4581
8923
1670
9946
6563
5168
7856
7241
388
8143
403
1374
8747
4852
3785
700
2756
5535
3402
9694
1201
2365
3451
1793
2300
1959
9665
808
2076
6891
729
457
9583
2819
4239
3496
1043
590
946
6052
9110
5013
5024
6706
9977
9532
5106
9743
7530
2926
4030
5985
6386
8734
3462
1382
6940
2259
5803
7979
2237
4503
3673
4130
5650
9997
4629
1087
548
60
1151
832
2040
3733
4894
8551
8523
8273
1221
8760
6033
4213
423
8727
6430
8469
8768
8237
3599
5215
8308
9257
3609
5739
836
8511
1603
27
9253
7432
1954
2840
5380
8789
4150
1384
6419
8637
327
6981
2602
5303
2150
7301
3160
8960
9371
7553
4062
7984
628
8534
1336
3041
2070
1194
3869
7360
793
5878
656
3476
7865
7510
8892
713
9602
574
2499
9251
4148
4182
4322
8583
6982
7796
7637
9536
1086
8282
1227
9079
3111
6550
821
9393
8312
890
2769
9067
5746
616
9948
8670
2415
4357
1187
325
1011
7102
6063
481
9373
6844
5251
3598
8022
9085
5260
3731
5546
4918
4306
3361
6008
6634
2724
718
877
6112
8416
8065
2994
193
5078
4020
596
8773
4505
1371
3600
5518
9823
6858
7620
7284
4341
3815
6622
4799
1752
8644
2473
7288
7069
3843
3319
2247
7645
3394
9866
215
3154
1639
2255
684
7529
1562
7153
2004
3414
2853
4133
1220
2514
8532
4127
8647
1100
1628
9042
81
4963
3861
3679
4043
4473
8830
6864
9431
6270
5517
742
9024
8500
4867
3238
8530
5787
7223
3548
8995
9621
8672
8936
2106
8256
4398
4448
1401
6701
4952
4896
573
6034
6918
1844
2280
8777
5258
4226
3904
3208
7089
8833
5562
750
6073
2598
6313
4841
2214
13
3236
5475
4007
8392
4804
6783
2542
8917
9953
8611
7485
7159
3971
4910
4178
1296
8240
3055
4740
3863
8142
1994
7950
6765
2217
4228
5210
1812
6733
2487
7543
445
4539
6694
8274
594
8610
997
7246
695
9142
2103
6279
4274
6258
7816
5812
7379
577
9259
2533
2264
7903
9697
2183
9076
844
879
1991
6875
7746
443
7151
9619
8933
213
3746
1441
3636
9309
1896
5779
5342
8149
6180
9296
9239
5445
685
242
2293
3669
1065
1275
5355
4108
4394
4191
4115
947
5930
7262
9362
6394
956
4392
5386
5541
2467
4748
3308
4698
3099
1360
6216
7532
2339
4511
1519
303
5180
4109
8008
2588
1960
5647
7726
5940
6853
4792
2266
4500
8543
6921
7164
4762
7007
9860
2299
4584
4677
1173
8693
2998
326
8414
5814
231
635
6814
335
895
3831
158
3632
2824
8582
7310
2184
5311
7737
1363
2986
909
4
3634
6074
30
7141
8574
6999
6291
71
2094
5033
8795
8608
3574
4822
5510
34
1472
9361
4082
8790
8373
3336
2915
6847
8313
9284
4406
3095
5199
3174
6885
979
1860
2731
8572
2333
3905
469
2864
7724
9372
7442
2546
9636
1726
1663
2043
4280
2818
8016
8758
4201
9567
3117
7742
3623
1808
9101
1665
3511
5096
1018
143
6911
315
2820
4817
3287
7034
1577
1698
492
8714
2226
9887
2064
1931
6512
8787
1528
9161
829
4506
7051
3299
7600
5600
2757
8535
7706
1139
3781
5277
5691
8697
4745
7107
5129
293
3974
9768
5669
3440
4284
995
4186
7774
7006
6913
1241
4249
778
1183
2434
7848
3353
5204
1271
332
1400
1346
4107
2343
8269
4242
673
7386
2331
205
8019
9158
419
9918
7017
5176
5999
8924
9845
367
2917
6801
479
9297
1524
5540
4375
2645
9846
8603
578
1734
9034
7444
1839
1582
9450
5241
2132
7285
5267
8486
133
5579
9050
1261
6135
7143
735
7377
3626
9187
3641
2458
8623
9637
6508
2282
2408
973
8663
451
2067
6499
5254
6703
232
4856
1871
3029
9630
1152
3811
4642
5660
7128
1119
3674
738
5402
7
2857
9032
7085
4876
1031
155
2793
4872
9376
1212
8193
5083
8722
7480
3269
6545
2852
5673
4654
2146
498
6116
3721
5345
9818
8430
5150
6071
6349
1664
1898
7354
7748
1622
5575
2416
3664
7920
8692
6168
2581
4626
9884
850
8878
9409
2734
1588
7741
9646
5613
3205
9711
2432
9726
2760
2916
6504
91
5722
8915
3647
8168
4370
8431
4247
4315
4048
6125
9600
5762
4087
5962
7278
5109
5460
5326
2859
104
7719
8965
9468
8579
6611
2613
3315
9069
5892
8383
1986
6878
5025
4218
7080
8188
3618
678
3845
5737
6187
9673
6654
7555
5376
4680
6662
543
2515
1125
2758
1708
3547
4682
2424
9077
499
3518
7026
8374
3539
1509
3654
4018
8943
851
9057
5190
1999
2401
2983
2205
7139
7175
2437
2525
4330
9563
9225
4189
4463
504
3572
2628
1678
3676
985
1260
9905
9392
7068
3877
5479
6988
3512
8206
7365
3980
1448
7357
564
4155
681
9789
6378
2268
5008
3262
470
5066
518
6578
3000
3656
14
6255
4984
386
3888
1553
5312
7003
4309
9509
5688
7417
2129
6141
4101
6271
3770
8597
7044
1
9235
961
3798
1791
8018
868
7862
7231
9268
3963
1810
4679
8325
4333
8544
6568
182
1951
6075
7800
5437
6867
7571
394
1427
2227
2486
1560
8379
5888
7915
6660
3180
100
8649
2121
1185
1165
3157
1757
8509
5102
1462
3228
8116
6251
649
7813
6936
3737
340
4291
1750
4476
4257
4849
7224
1656
6104
5328
186
4901
7777
3826
1682
9754
9270
7635
9659
2356
1706
1878
286
6935
8726
8605
4593
8684
4452
1352
70
658
6153
4128
8953
3075
9116
8426
3913
6989
5274
1209
9911
2584
7940
6849
8148
294
8519
9169
434
1067
6887
1816
9756
845
269
1331
1025
6751
6388
2152
706
8719
8528
7588
9291
7234
4051
8964
1740
5587
612
3318
4636
2172
3931
245
2154
5413
4071
9337
3765
3221
4211
951
6829
2831
1724
4017
8219
4818
6203
9445
3687
5972
3363
84
6794
4994
6759
4259
8751
2481
6247
6632
5103
1939
3138
4874
7053
4061
5979
7826
5788
2671
5686
6965
6476
6253
5750
9747
7130
2468
6855
6848
7232
475
6191
4366
2942
6281
4514
4960
414
2321
5703
5638
3332
4891
8856
3120
2898
6315
691
4687
5576
3416
2289
6871
5011
4736
1094
9320
7845
7477
2159
8217
4800
4864
1263
6519
4549
5400
9179
7619
4616
5810
5351
9323
4705
1015
8327
458
9553
7971
6718
4245
3051
7536
8304
4756
1432
9906
9817
938
2544
3064
5477
3681
3077
972
4042
8736
2927
2231
655
196
5484
769
520
7590
6685
1593
161
3150
1396
7283
5978
8886
5225
2990
135
9585
7145
9551
8097
2971
4034
6549
937
581
3809
5843
2596
990
1239
3419
6087
9406
6707
4027
6714
1033
7807
6839
1317
4156
1720
2856
8531
3602
8812
8907
5982
3597
9165
459
9367
7244
9350
1340
6777
6534
8119
3872
2257
5197
3278
8172
9766
9219
3349
4009
4118
7565
8983
852
7490
3273
9642
5539
3585
7517
1493
5443
5963
4630
8769
9380
3633
5055
8423
5232
8330
486
6421
9145
156
6460
1314
1039
5420
2615
2393
9781
4252
6242
2617
9764
7778
9689
8742
8752
591
1286
7869
9209
5913
847
3743
4305
8622
441
2187
3740
422
1477
6307
9581
3376
148
5126
9382
5687
7707
1520
9356
9935
2608
6399
7447
870
2423
4925
8494
4990
1180
8939
6015
4364
9700
8406
550
7369
5154
5269
1440
3945
4816
6937
5847
8285
8546
542
5132
3486
9118
1732
1764
3397
6704
3011
3505
8602
3612
901
198
9030
2629
456
8963
3449
7497
801
8315
5800
8720
4085
7326
8158
9975
203
173
5074
3288
7870
7803
6296
2326
7366
8099
3340
253
6969
6453
6439
1891
9686
9575
6555
2696
8503
4565
1471
9264
3010
4572
4571
5262
4589
5530
4004
4479
6013
6818
4349
2032
8970
7728
6492
320
6606
1864
9286
251
151
4404
8776
9727
8453
1904
8272
5094
404
1166
1989
818
4862
5193
7891
3488
4628
7542
9476
7220
8401
9800
9366
1415
669
3979
3214
3258
7525
6994
9305
5034
5369
152
3076
3848
6158
3274
4854
9064
9676
6548
8612
2925
1766
6798
7027
2813
3040
2966
5424
8522
8900
55
9381
1799
5674
17
6484
2531
3189
310
4644
9730
54
8455
966
9263
5146
3501
8271
8130
835
1521
1496
5533
2641
5990
4946
2013
8696
107
1630
2138
2989
5487
226
6201
9857
9153
8
7253
3015
7440
3219
88
4401
301
9472
3796
6800
4288
9047
6222
6953
8296
4314
8903
6908
4739
3847
6501
4143
3543
6139
2136
2692
1074
2933
1116
157
6231
5466
6286
1457
3573
3967
4098
2652
5932
3896
9282
5026
7672
9046
2078
429
1693
2230
1677
1184
9390
8498
1147
225
3435
7106
7229
6595
3883
1070
2644
7281
7453
2114
4944
2421
2277
905
3570
5136
6692
8045
2521
6712
6477
7866
9082
5198
6523
4110
9972
855
8459
7911
2619
8081
531
6434
8558
1417
7924
7597
465
3477
8533
9015
6103
1106
1905
8442
6376
3948
6149
4694
9108
7434
8606
3643
5675
8078
9444
5713
5244
1358
4618
538
4814
7859
2946
1713
3960
9399
1223
7437
6745
772
9834
5250
5162
9859
662
983
8390
6400
4733
5532
517
6278
2101
4741
820
3058
9204
3529
2682
1619
3197
5666
1881
3968
9827
1429
6683
5698
4989
3639
8439
7392
3800
5065
3172
6401
9666
61
9641
7956
9333
8411
2718
2169
7574
7605
5825
1206
699
9814
9442
8925
8067
891
3558
511
4614
2140
9629
482
7154
1375
884
9189
8710
2733
9901
1216
7012
9163
6736
4273
9462
2216
8214
1629
1861
3002
9573
7954
6574
7201
1434
8233
7374
787
2367
1008
922
2695
4582
5299
4035
5246
1815
897
9210
8165
7925
6753
6414
5684
7834
6131
939
8301
1652
2969
1561
8504
7448
925
1024
6337
5224
5379
3465
6183
7415
1759
1064
1912
3550
3635
1549
1846
1179
6778
7306
1016
7570
4015
4908
7712
1222
8836
5485
9936
2337
6898
5678
2708
2451
2814
1392
3537
1941
2673
2775
4633
4697
1946
4342
2972
8166
7765
7684
6496
5778
2902
5442
583
3956
6702
9203
1546
6554
4481
9004
144
9411
147
6776
5149
1305
467
200
2133
393
5513
8840
3552
9143
7913
6130
8928
1426
1545
2798
8331
6024
5697
8542
8514
9280
1121
5455
4583
1597
2270
9456
3941
2988
8080
5399
5557
2975
2885
4545
3386
5820
2792
9498
9749
9449
6824
181
776
385
5665
6119
4144
6340
5922
7851
4559
9692
3775
6947
9414
169
2372
3722
1419
3984
2292
763
1813
6098
4737
2843
2909
372
9141
1229
4139
6638
5851
3660
1880
7394
9125
6967
1644
5503
3672
7539
7580
9377
9139
7162
6133
3323
2701
1938
5667
2558
9220
3161
8975
4716
1347
7626
1688
163
6600
5521
1522
7427
670
9825
8015
2748
3947
4906
1903
4601
8996
6264
3148
4307
8011
6246
1747
7406
4160
2130
3250
8824
2866
3346
571
4653
1267
6821
7332
6721
3119
5395
4496
1975
565
5959
8984
8222
8653
4972
4416
7117
8448
9603
9208
2026
66
3682
8641
9693
4428
3396
7113
7721
1061
1485
1819
2778
7202
503
6650
9347
1257
3257
3114
2502
2340
5993
7070
9173
1970
9020
3729
3690
3473
8732
4355
3297
7071
170
8152
1243
9341
7227
6764
7076
450
6922
2729
1332
2745
2305
6928
3981
7004
3503
2744
1689
8204
7425
6954
1572
6171
448
4729
7264
651
472
2740
6687
5876
5167
3408
944
7169
4798
4889
289
378
4788
8601
2887
3105
6502
8104
502
3042
9345
1245
7959
7916
342
4149
2028
6038
2006
4578
2939
2826
9475
6879
9516
9890
1403
8764
7124
299
3836
6173
9278
7043
3745
2059
8805
8864
7290
8946
6558
9505
6690
8550
1338
8590
2709
4759
2220
8002
1027
6528
3621
6232
1328
8425
2963
9856
3139
9940
4728
9115
5740
5313
501
7985
3890
2737
8952
1727
3807
4081
2491
826
1378
6537
5952
8971
8683
7730
1430
3699
3175
2892
871
6500
1555
5502
7178
3484
4933
1721
8452
5372
5939
442
7592
3467
6459
3182
3134
7152
752
2082
873
4554
2248
2858
8914
2559
4714
3264
6193
2431
9048
5203
9185
2395
4693
1095
2235
5804
6726
5893
4912
8228
5653
1858
1934
5957
4368
1803
5864
4769
7276
8549
6239
3747
7888
7663
1492
759
1238
3595
6680
2410
8555
3751
7344
8021
2680
9869
8112
9531
1474
1762
4480
4883
5625
8888
5120
6456
6053
4587
4049
3903
6957
7024
3959
9178
2
7882
9199
7502
6362
5583
9338
7602
7886
3590
6176
2419
7910
304
2330
421
3892
3715
4527
7114
9039
981
3478
1761
8871
7582
4978
4518
2844
4599
4295
3470
396
5749
8591
1475
4888
1272
5504
7192
1459
2835
24
5912
1324
2083
3976
8809
4497
2068
153
473
7496
8969
8680
6719
4962
8352
7019
8218
5983
4205
2827
1568
2743
9941
7653
2900
9186
980
6761
5072
3209
3702
3714
2790
5598
7994
7892
4196
7745
7967
2315
5171
3735
5591
4570
4884
7501
1131
4547
867
2771
1357
8863
7902
3678
1731
5967
2420
2381
3393
9851
4643
5483
9385
783
7090
9883
6642
9043
9041
2896
5081
4751
2131
4103
4830
6952
6336
9735
3224
3841
4516
2232
4807
6124
6962
6355
4779
1950
1032
8635
4248
5992
3824
1373
992
2635
7163
5179
6996
2623
3194
8588
9017
1525
3985
7681
5272
7136
219
39
1595
2547
7382
4552
2782
3193
5832
2936
755
799
650
2534
8587
6137
1849
2463
9691
8424
2324
679
6691
2519
2413
3492
6341
8648
4135
2328
4424
6021
3853
3333
9699
534
9499
7860
5619
8718
2323
2770
4931
8346
6727
7634
2454
5987
1697
234
8397
7210
3506
4681
7890
822
5133
2238
2472
1855
3977
7372
717
6857
4028
8529
1857
1068
4947
9746
1036
4808
5898
5122
5486
9175
7292
4909
9330
6792
1274
7609
9576
3348
1190
3782
4158
5130
8277
6699
3703
2139
4684
1253
5728
715
3345
5923
7988
9133
3689
3405
9464
78
8738
6577
1019
9121
7760
2062
2707
9507
85
2875
9074
3508
5282
5663
6312
7624
9613
5717
6345
3284
6211
7364
9930
9854
9577
351
4072
9066
6789
5382
9572
1364
3186
5296
3162
6450
2878
3953
1412
6043
6635
2511
7211
6199
69
4507
1066
5781
2020
5553
4271
8927
6960
3169
2403
1911
9081
5027
1337
2155
7408
5428
6160
2508
3783
809
4435
1320
8212
688
2551
2841
5330
8501
379
8909
8199
3842
1608
8932
6184
7081
2188
120
9725
6838
3525
3122
9928
6619
8848
6868
5651
2848
5359
4065
8472
3619
2860
7184
5366
1310
1077
6942
5248
6259
4948
8284
4336
8259
7221
6163
1709
965
9503
1674
4907
28
6912
4678
6992
7822
1391
7632
7257
117
436
6972
7416
5552
6297
7717
8669
4991
913
3241
1446
1777
9685
4499
1655
7269
3517
201
6090
4131
6840
6064
5760
3649
1797
8763
1012
9787
8231
6007
885
7122
417
4077
1252
8000
2060
3991
136
7970
2863
9283
730
3684
8275
963
4005
4766
3330
5344
8536
7618
6390
1288
282
7410
9478
3008
4855
8190
4690
9002
6812
6159
8329
8767
6991
8054
5965
2562
464
9595
7793
3049
6698
5322
872
2123
2262
8039
8404
9322
5776
7486
2834
953
271
9643
3059
8253
7578
582
1841
8058
5681
6140
5895
4782
9306
5082
2578
4142
6742
4157
9483
6739
1897
5838
4870
3474
2928
2697
8784
4836
9559
1349
2409
7077
3187
9874
3545
1915
1301
63
9554
7098
9728
5237
7157
7275
2817
7429
1921
4408
9718
2272
5337
3242
2924
5677
8161
8044
914
7630
559
624
9156
3857
4610
463
8823
6805
4052
2334
4354
1809
8545
5029
410
5850
4390
7376
6392
2640
7710
2185
8512
4494
7552
9471
6166
5291
6326
2996
3413
4489
6720
825
6205
1909
2957
1129
4363
7438
2158
2681
3409
2951
5300
6045
4574
9379
6188
7025
5314
2646
3498
8176
911
6030
7557
4596
4805
9821
6426
438
6747
3523
8694
2754
6890
9240
3383
6449
427
4202
7720
3499
4750
4154
6681
3939
9925
1948
2661
8299
9491
4940
1868
7921
76
1625
7583
56
4510
113
1565
1920
3663
5585
6321
8893
8626
3780
333
8181
19
5292
480
545
3560
5431
3171
214
8364
1155
6002
3068
3168
3039
5266
237
2537
4266
5920
8225
1984
5884
8318
6182
8121
1365
7616
7550
7099
8881
813
3390
4558
5444
5715
7875
7857
8223
9517
724
4544
6785
3646
7362
1406
7317
2115
1618
8552
6235
6121
3285
9359
5785
8857
2406
9656
2669
613
671
5352
7457
753
2862
1961
322
3970
510
5656
453
8106
7118
183
9908
4423
5773
5835
6357
3640
9346
7628
6391
6285
2284
8432
8578
9704
8075
6581
8035
2446
4361
2932
1333
2908
3067
5774
5054
8311
1192
5894
3509
9218
94
9418
7499
4267
857
998
8191
7799
432
1574
6498
1076
1987
1078
5200
7166
2254
9068
3832
3816
6909
8043
2014
8867
5926
9880
672
1587
4600
5392
7142
7787
8072
8201
5396
7333
5343
9875
4122
6985
6675
7993
5777
7228
2590
1771
4024
2476
500
1817
2630
6122
8324
8062
3779
1865
2378
9211
7203
8956
9842
2554
2072
4648
7561
6927
6032
9198
4999
6856
8636
5866
4723
6310
375
4179
600
3752
7279
4090
6161
1892
6227
2610
6432
4683
5977
2153
2655
1046
1107
7696
1162
2812
9522
8711
8025
9530
126
4351
5161
8462
2294
8675
4982
993
7621
4125
2846
6609
130
8396
3894
8800
1044
6983
1575
4772
6728
4707
2122
8066
9758
3335
9427
2465
779
7359
8977
6046
5834
6564
4667
4915
7256
224
5118
2366
2567
8839
2055
9167
5872
6546
1634
8825
1624
2442
9470
6808
2947
8164
7371
6655
5169
5857
5976
5604
6306
3399
1873
5007
9325
9538
5870
6593
3088
1859
8365
9654
1150
7935
4529
8400
4617
9848
5123
7537
4302
9164
2557
6542
1497
6373
5877
7463
8366
5321
8785
73
816
3136
8205
9865
8184
5309
2196
4974
3895
9944
5121
5231
4526
9568
1069
8988
893
4169
9295
5435
7895
5324
9762
5125
5153
6267
3700
426
7648
7699
6248
8674
1200
5057
6966
7948
3003
8345
8167
7545
2555
7347
2174
4181
4513
1552
5705
8194
8828
7936
9180
6832
7065
5415
2118
2104
6780
8811
3902
7788
5050
5289
4519
4754
5423
7466
9404
8252
9891
336
9974
4079
4278
6473
1594
2023
1918
4337
6004
9299
528
2285
5206
8520
8197
7981
2029
6804
2609
3276
452
3056
5542
7318
216
8134
4116
6956
8257
6924
5319
4607
2048
5830
4331
5325
8103
7083
142
8874
9979
5846
4983
5374
1606
6806
8620
1738
1811
8560
3350
1638
9440
2962
7110
9056
7194
555
3819
4151
5135
7934
290
6536
1490
8525
2370
6469
3764
924
2823
3840
5014
762
8657
7723
9813
858
2921
5856
3103
1380
3295
7901
4532
587
9524
9791
9562
8111
5286
4420
1649
4195
8896
9007
3778
3906
4276
5733
5809
9920
8153
1191
7824
7000
7610
8360
4301
1050
5916
7186
6850
3546
8399
731
5453
345
9183
648
9544
3556
9861
5449
886
6323
6746
2105
2886
8961
7058
9424
7526
1830
6452
2716
5216
2024
2098
2464
4176
6214
1083
840
1832
4215
490
75
2107
4700
4853
8499
4568
2466
9721
7325
8046
9011
1483
4102
5071
3028
2471
7820
6062
8779
5447
6557
4564
3966
7126
1514
9301
9558
1055
6582
2561
3805
7072
149
5001
5429
4819
1146
8796
5191
2261
6014
418
6771
7660
8242
3839
4515
5730
3369
7495
485
7261
3170
6447
7980
5259
4746
4297
723
1047
65
8642
9765
2979
6741
5306
2128
1232
3022
4074
1875
7603
2556
5046
9844
5389
806
4033
6348
8388
986
3020
7833
7033
3557
4873
5759
9803
6796
3615
4478
9782
7131
940
707
6383
8516
1489
2193
3446
4019
756
3835
7414
7876
785
4172
8125
5636
9924
1053
2469
1788
2077
53
6059
1156
4784
7321
3625
9579
8101
5509
5824
175
6100
833
9140
4536
9160
1614
6860
4415
4039
7757
608
6412
8998
8600
2228
5068
6361
8492
8563
3908
9196
6207
5357
2776
6896
7547
7776
2091
620
3698
3014
1379
1451
7483
6629
7642
747
2522
1498
1085
3253
8910
131
4882
9407
2179
8847
4070
7733
8859
281
7685
4339
9093
7932
6961
1437
4010
4673
1919
98
197
5953
6657
7419
5633
8484
3622
2211
10
6126
9879
6225
9912
9752
3268
839
6621
4688
3289
4013
9473
7786
9495
1421
4652
2057
6229
4388
7927
2455
4014
1792
9675
204
493
602
2352
4995
2495
3298
6732
4556
722
5694
9705
3093
6865
8679
5107
2832
1208
3127
9480
9739
3434
1157
882
5152
8394
8487
5700
9539
3918
8733
9592
5738
8334
6925
2688
6455
2215
93
4060
9054
2768
5064
6424
9723
5564
4145
3427
4209
3283
5059
3017
5767
2329
4468
5249
7370
9016
1028
5373
4846
2612
5499
8741
7947
2295
4702
3112
2181
603
5501
6773
7606
8913
2572
1748
8303
6569
4590
1548
4232
7160
4842
3830
6127
1198
99
4851
3997
9712
8877
6465
4466
2061
4980
8659
4440
5041
1781
8851
7384
4721
4262
4080
1840
2693
266
8051
5022
4885
6387
580
7538
4059
5649
3256
869
2253
1319
3885
4487
7847
3526
2571
202
4296
2829
9947
1826
7443
6566
1662
5067
4791
5421
8410
6598
7914
1716
5144
1862
7411
3254
1473
2550
1659
8627
8556
4877
6597
2190
5693
8604
2884
4793
1137
7209
3129
2715
5000
4469
7594
8349
45
2100
1998
1823
2090
9049
6243
2574
9679
786
6744
8310
5858
2906
7775
9423
6335
5140
8985
7165
1964
9461
8377
1780
1927
3950
3732
4068
2374
6873
553
7013
8677
8831
4973
5836
8302
1351
6666
4112
3156
2081
6102
967
1021
6107
1971
617
9569
6254
5349
797
8889
1695
4966
4562
7422
8084
7316
5047
2714
4597
9232
8962
5755
6085
8001
4660
3328
2992
7715
7398
9354
8625
276
4117
7337
7358
7738
1650
8687
407
8115
7450
4566
9852
6815
1381
3360
5899
843
1845
1071
547
9888
6338
1907
9425
7057
7601
6218
2332
3544
4016
8665
6308
9715
8818
2563
7941
2492
9639
7346
1794
1186
598
6293
3151
6445
7225
4968
2585
9945
6881
4993
7215
3531
1676
5891
3145
3858
9849
2088
4942
4528
1957
6676
689
1254
5620
1144
4646
389
5367
6083
79
8566
1465
660
3301
5594
3762
1661
546
2148
8335
6495
3795
3927
7531
4003
9965
5440
5488
9486
8770
7691
8069
8792
5654
1282
2038
8906
2805
4860
2166
5229
2344
3530
5338
3487
638
1607
9134
4286
3880
5635
7548
2621
8845
9776
1515
7156
1372
770
2222
9980
5156
8628
5821
7990
8757
645
6220
781
811
9515
9484
666
9580
4380
6245
970
7302
7032
4731
5560
4945
5670
2397
9454
2904
7853
5087
7766
9241
4328
4534
812
774
408
5217
601
6458
9428
4689
9248
9191
8634
8724
4717
4146
1736
8042
5134
1084
7752
3107
3098
830
6164
1386
2626
2387
6592
2595
4783
7591
5815
8195
5383
4400
2500
6226
9698
1700
5101
3456
3469
2872
9279
2721
43
4344
6743
6413
1551
2593
4054
4384
6907
2335
8211
4270
321
6040
9631
3084
313
2086
4493
508
7893
7688
8646
7812
5632
9243
5099
9348
3694
2453
3244
2552
7088
5886
2116
5910
7804
7900
5505
2089
2553
8421
4190
8314
1476
9966
8291
3771
3592
221
5471
9632
929
3583
6601
3377
2073
52
1266
6405
5988
8419
3994
1712
5719
377
2993
2806
6678
360
8806
2054
4927
7905
80
1233
1928
8443
941
5456
2679
7841
2689
6755
9954
5811
3500
7397
7138
8182
1385
4820
6768
5621
6656
7832
9707
2913
9710
5769
3412
1683
1540
2015
3683
1669
8369
6575
2322
1104
3102
1667
7716
8100
2267
8755
708
975
6535
6899
6845
4967
4832
9247
1468
9436
1113
7864
4140
6614
1213
4951
604
7952
1733
3716
2785
7116
3638
6415
7572
7843
8537
1737
9397
7047
6404
915
2781
2569
25
3304
319
8340
2666
6134
5023
6301
6607
3705
5861
6070
794
2997
2422
7854
4425
9604
982
5676
6915
7646
316
3760
3661
1956
7309
2484
1163
889
1685
5496
5761
8030
7431
1099
1585
3128
7791
4217
9663
9672
5061
9106
7562
6300
2938
3555
1217
6869
3645
5630
7488
9402
9870
9792
9481
1133
6001
1535
6672
5164
5680
5042
1932
22
9104
800
2310
5889
7831
3146
7250
9882
2565
8759
7273
2674
8873
7476
8122
1285
9546
2624
3724
8123
2345
4992
4768
9867
8224
478
4763
2513
2265
777
6350
876
5549
8912
1758
1010
7753
7665
9832
9668
1235
7462
2911
7119
1287
6715
4591
7763
1825
9819
9713
6060
7614
5796
3954
3827
2046
8655
6478
4445
3206
7718
7294
8287
7112
2447
8934
6763
1866
5142
4924
7823
2528
1045
5795
6766
614
9720
2955
7744
1684
72
6464
4407
7559
7942
2087
9916
3563
9221
1268
9360
4184
5454
1458
8613
9343
9508
7928
5128
8063
2931
1686
4329
1170
9548
8309
554
4485
9222
1433
6065
3860
2675
4585
7731
3691
1035
5568
1744
3185
2869
9
4450
529
2353
5603
9661
4165
2414
2373
7464
4605
2361
654
9500
4208
8281
5457
5744
3458
2964
9205
2436
5436
4227
4104
6787
8570
1231
6257
6833
5086
7036
5618
921
1541
3054
8338
3388
8568
1613
4598
7912
6497
824
1505
7207
5584
1262
2050
8203
7906
4965
5903
9801
2384
5766
6089
7781
609
6658
7625
9773
5602
3012
3744
1965
1807
8408
4279
3038
3937
4261
860
7263
7877
2490
3887
8801
4540
4224
9667
8973
819
4332
1370
4393
6277
7212
2256
2092
2606
134
7217
3338
8507
2620
5403
6041
3070
8577
9736
506
8109
3137
6076
3757
1580
4604
9618
2901
1660
4686
8595
8559
2980
9088
3575
6664
2512
784
89
5841
9753
9405
6128
1640
7814
383
7687
6852
9193
8196
3750
4268
6423
1230
6530
5354
8363
5763
7084
5907
6772
9988
8458
1510
8289
9072
1460
3454
6483
6730
6567
4164
8844
6151
8032
3922
2093
5178
896
2797
7563
9207
5165
6012
7640
5073
4244
1544
121
4294
1765
9151
8730
7784
2656
5227
3789
9969
8875
2380
9398
766
2286
5639
7015
9174
6590
745
6143
1517
5175
2390
1512
74
8013
1751
9708
6123
8150
9019
5247
2888
8562
4171
579
692
1631
5044
2802
8267
1711
3281
1571
9307
6084
5131
7336
3697
9933
9922
9748
6938
2404
4778
4138
780
3223
9564
7103
92
8817
4029
7503
7798
4996
5019
5016
4975
6750
4863
619
9062
3309
6980
7907
7041
4659
370
9477
6817
6652
659
112
7451
1017
9651
6114
1566
1325
3035
7249
6120
323
4430
4875
8476
8323
6170
2838
1725
9327
4803
5917
8712
9529
1115
1874
1605
4815
4594
621
3535
9897
7631
7403
8428
523
5427
5704
8435
1494
7428
1908
212
9658
273
1058
2407
7671
3225
6649
5497
9213
6585
5561
8959
1439
3533
7111
15
2981
3131
1853
487
2428
5036
9578
9806
1214
5371
2948
6382
2573
8286
894
9223
8894
2494
1202
373
1843
1742
7808
4619
1578
9876
1495
8189
4460
3092
2700
1168
2882
3261
9136
9215
6540
1128
5160
6417
2448
3630
5018
3418
8999
1798
5994
3900
6831
9339
3938
5934
3914
5084
6396
7060
2995
8521
8020
9453
5556
3944
4794
3181
6407
9973
1847
2134
6524
1539
2112
782
2536
7690
4055
1001
7938
7861
2622
7850
5837
7198
180
3461
2296
6351
8986
8139
9254
6822
3081
4409
9234
7134
1542
2197
1488
2204
247
875
101
8762
4057
932
3495
516
6481
9059
5003
6420
5233
208
6294
4367
3123
4621
9783
2301
8170
6933
9722
6106
5076
5070
5527
6866
5867
6827
9120
3387
6872
4524
2483
5062
1362
834
5948
4204
7755
4954
4928
5113
1754
141
7858
4096
2667
6570
5043
5958
9843
3942
1923
4094
6204
5079
7909
6233
7291
3365
8138
3347
4147
4421
4773
8997
5751
2658
2290
8618
7368
2883
8919
7174
5902
1454
3799
9543
8880
3202
657
1993
8372
5664
1480
6846
1760
8180
6429
8012
2535
2717
5253
6968
1244
3429
9520
8941
8920
6082
9512
8440
2263
21
4837
9100
2893
726
176
5692
168
2899
9365
4162
3613
9458
2208
433
2739
6282
7867
8966
2044
8829
6509
910
5844
9096
1623
8508
1145
6091
8740
1820
5147
6273
514
9396
4787
9316
2985
275
746
5507
145
1531
551
5986
1596
8650
9091
328
5945
4089
4230
9506
7960
9835
7844
6854
9521
2200
284
2604
7096
8949
9894
5805
1089
3806
570
2346
3027
1576
6150
9582
2498
1136
2930
7104
4893
4553
4347
3277
4988
4212
4761
1158
4627
1334
4501
6667
3372
8347
4385
3814
7341
6594
6830
7770
1343
62
1924
3009
8598
7702
4444
8086
6072
3426
9026
7243
7828
1484
7659
5268
1096
9741
9598
8547
1218
6051
3063
5004
9388
2762
6049
9734
8024
1838
1949
167
1612
6735
7144
592
3999
8750
311
931
9400
1824
5880
537
988
6436
3513
4168
8464
4964
5801
9751
9124
8491
2307
8006
8120
3928
5463
3044
8320
6446
3196
7028
1160
2880
3494
4256
5727
810
7638
7805
7613
5612
7747
9525
8108
2636
1242
5015
5720
3875
8615
7772
1174
5375
2079
4446
5644
1910
4243
5806
324
3889
4827
4194
3884
309
3190
3589
5668
3838
5450
5048
5918
9086
4956
7421
9978
9383
7399
6945
2034
6531
3432
4114
5461
7182
1435
6406
5925
2275
1436
1284
8185
7581
3817
8353
1124
838
7973
5271
2450
9915
6820
3813
6802
1418
1889
9087
6625
2961
9433
7679
5158
4567
4955
7540
7868
9684
683
9331
2145
9112
9319
2441
3940
3466
2765
8405
5009
9432
6069
6462
5855
2478
4669
7579
3313
6645
3265
2249
9885
2019
5017
837
361
6949
5524
1570
4120
1402
6661
6762
8761
2470
7593
3790
1367
1538
3982
2439
3571
7020
4395
3837
3821
2582
5515
8940
8518
4969
3108
8198
1478
2398
8661
8717
576
1062
318
557
7500
6332
637
8802
6167
4187
3755
9460
5848
743
5671
907
3097
7266
7997
9336
9527
3975
569
4634
5332
2066
264
2219
2011
6
3868
8460
854
1368
358
4625
2162
9648
6955
9233
1355
807
8814
2031
474
1507
4177
888
4727
462
2545
2396
4685
9246
41
1730
2178
7073
4755
3536
260
1511
5364
7045
8639
1022
8835
2149
8666
9970
2160
3322
7801
9265
7872
1958
5275
9149
7908
9627
6036
5927
5757
3482
3768
2457
2097
880
3231
111
1835
7314
9138
3316
5655
7515
2821
8589
8815
8144
4495
9895
949
5098
9455
123
6192
3395
7056
6507
1052
16
6132
2637
8510
1882
6086
2412
5056
8468
4806
2965
5245
1768
8053
7342
5947
6930
4470
3183
8389
4765
5637
3972
7381
2865
1893
7133
3251
8849
6977
8564
6433
8226
103
8745
4308
1290
1123
1767
4099
7837
5030
5470
8071
2460
9971
6451
3423
4760
6365
7598
6506
2548
1172
5090
4670
883
8701
102
5642
3850
8887
7615
7405
3226
2276
8978
1653
9438
5714
9535
8449
2568
2725
8463
5782
4457
2411
1763
5849
7042
3118
5822
2871
7014
7308
8174
4843
9881
5799
584
9796
8089
5385
3713
9938
3200
86
927
2764
387
8651
9540
331
3037
87
4254
4666
2440
4752
5764
874
7599
4575
4488
5235
7917
2750
4002
6212
5287
4340
2177
5622
955
8322
6019
7658
8280
6556
3951
2935
8381
7282
4234
9942
7280
5971
1643
5537
5039
5937
5208
3983
6333
3990
4881
7147
395
7611
7351
9147
7177
5031
6939
3184
668
7180
8005
7233
8640
3603
8398
9272
7566
1339
220
2659
1739
2445
1940
9645
2873
2359
3788
4735
2518
2952
2575
8447
1779
380
3774
2607
7423
7193
7855
3748
7513
6208
8632
4241
5617
4304
3204
7923
7704
4790
2180
7016
1456
1917
1648
7675
3946
7643
1204
1063
4036
8357
5915
7426
3321
344
2369
902
1416
3291
2672
1081
1906
2303
1329
9961
263
8819
1537
1963
6108
3919
3758
47
6442
5361
9051
3227
2890
9355
3106
6031
629
3356
3113
9809
9777
4134
1749
687
9094
6769
7682
343
9190
1589
903
989
2907
9485
6056
5172
9591
4287
9061
209
7953
5333
6615
7976
8826
3421
2540
6877
6539
199
8793
2096
7312
4475
6623
9724
3540
3829
9633
6374
509
4418
7467
6142
6517
7268
2165
5414
7524
2654
7219
2761
8921
1513
5752
2080
8495
6470
3355
1315
305
4258
4486
5481
11
4900
2109
3873
2523
3411
8268
4977
8444
9447
1256
6274
8569
9902
7694
4828
5112
9838
2430
420
4981
1526
5887
5974
5969
567
8279
8209
1455
3820
3730
7132
7328
3480
7664
5404
9152
4904
8596
5468
1410
9841
1177
1745
9620
3727
9177
2306
3282
7666
7190
9664
6503
4173
1885
2660
9858
7933
3542
4277
4439
4551
4492
9745
5522
1132
900
6842
3216
4569
9655
7576
7654
2225
6010
497
3260
4272
8968
7966
8686
3519
586
6608
8853
4612
7668
8454
6280
3917
7520
9281
5265
2627
3
7764
9302
2591
9601
2192
5390
9080
2001
3339
6241
3094
589
3502
2794
235
3358
7064
296
6738
917
4491
