10000
2051
3210
2764
3030
1165
9375
2684
2244
3547
3106
7487
7852
6525
881
6971
7437
2951
5859
3611
3959
7146
8212
5778
3119
7564
684
9391
7058
7181
377
9285
4408
3711
871
4550
9333
8932
154
2464
8954
6496
3544
7665
2576
263
6906
4617
3753
1914
4586
7287
3996
5193
3826
9260
9301
592
6428
3308
177
3612
8131
5634
9897
9624
1652
7295
442
3157
85
1235
8281
9197
8797
2319
3898
1405
7299
3228
2122
7308
1773
4568
3978
6760
6436
304
1267
7519
5771
1833
984
9486
7700
2958
6828
7697
6198
5090
4898
3420
6968
9548
4131
4443
4046
4900
2129
3602
5828
1971
2592
580
918
3610
9911
8968
5125
9146
3232
5819
7239
8586
7681
2650
5794
2832
5419
8219
5348
2168
9471
330
9786
945
5343
4218
1080
3800
9903
5570
2785
1828
2110
8391
3586
2919
991
1841
9929
1738
680
5185
4362
8236
8763
8283
6725
2318
7718
1733
951
8755
9621
152
7343
2761
1082
863
9394
2433
7288
2886
4993
182
9095
6712
4928
1205
5452
1013
6769
512
5302
1183
5110
200
5433
4161
7466
4095
4508
4745
5061
1129
490
184
772
4189
6030
1873
4736
9841
1351
2758
2491
6733
4264
912
9757
1358
9649
9366
3877
7417
5875
8204
5913
5142
9363
9406
2911
2717
8997
5479
1325
9009
677
7840
8881
8955
6460
1236
6974
9886
6574
7607
7387
8478
9082
430
2624
8958
4376
7369
2683
2517
7647
5332
9315
3993
6581
748
1041
1021
619
8074
7490
3472
2553
157
9933
4262
3383
9959
6736
7908
1916
8927
8346
4229
6722
593
8791
432
437
1648
6204
9074
3556
665
3907
622
7334
5572
2557
712
2083
798
6112
9033
1425
9139
4648
8104
2107
8187
1407
3351
6400
1404
9011
3141
6825
6164
1755
5252
7193
9350
9192
446
5373
826
8930
535
3041
1602
2304
4286
9771
2959
3653
4591
9322
4883
3378
3341
5836
8434
8742
3502
2228
6671
9111
8645
7083
7591
332
1964
6751
8385
4385
8190
9477
6330
3866
5726
73
287
1017
8150
1035
9136
928
8145
962
8693
2321
5796
7019
5533
6119
1090
7154
3716
6611
5772
3750
5357
7863
9388
5554
8624
3976
9751
7983
668
2667
2498
6747
4642
885
7769
1137
9506
7410
6107
3137
347
3735
3808
4605
7316
2446
1290
6187
1215
4078
4060
6374
1840
6046
3760
7944
135
3754
7123
8374
2952
4126
2921
8618
5958
1797
4396
9194
9367
4097
8841
1798
2605
9443
2185
8657
8113
8175
9442
6775
6195
536
5303
5908
9241
4878
5798
5626
4176
7070
867
5635
5178
4515
6981
8737
8877
3478
8667
854
6095
6489
5305
7265
5469
794
3772
4301
5126
799
6359
6979
9773
3437
700
2104
8890
8436
4246
1567
3212
78
2504
5968
540
2846
8902
5077
8335
2660
4835
2278
4482
2507
6349
142
5510
6199
1597
6143
7488
3974
6616
8059
7789
2302
8320
3155
744
1693
5092
4428
3319
4763
9524
6090
1066
6690
8573
6982
6948
3638
3956
588
139
2506
4683
52
2454
4669
5487
9430
4012
8180
596
6348
1720
8543
6810
9828
6716
2830
425
1617
6665
4821
4844
4922
3903
2327
8162
1596
6280
5660
8519
2407
3975
5831
1719
7689
9645
1728
8268
2850
1565
4454
866
1969
1100
4625
7305
8461
3040
3581
8919
4081
652
5331
948
1783
1535
6533
7054
3910
3326
4276
42
8828
8129
2103
9882
1680
5254
8246
5597
9821
5134
44
2496
3537
6062
1854
3564
219
1526
5703
3568
9331
1545
1105
6949
1900
3105
9106
7883
4526
2601
5417
3961
9678
6207
1298
2580
629
7128
8425
6418
6145
3111
6384
3995
9700
4632
497
4770
9012
408
7544
7542
4532
649
3712
8488
3221
7880
4232
1566
3675
5496
8903
9712
9261
7321
8788
1032
6938
4832
9200
3054
2645
5855
9305
8367
6553
8728
8938
6447
3187
8073
6698
9641
2904
2718
909
1424
6912
3002
212
3707
3740
5118
1575
5019
1879
2419
1397
2954
2774
9724
8983
9028
7061
6296
7309
8687
2471
4873
1348
9692
6693
8847
9379
8012
1416
7661
4306
4694
1420
424
1071
5575
6771
6501
4098
7446
475
4268
8070
8511
2978
386
2710
3373
8123
5250
6346
4809
7687
7238
7312
6385
6051
7855
365
2652
5757
7829
3293
6073
3220
234
5744
4502
614
8761
9503
2900
18
6169
8991
4500
2820
2754
887
3664
1364
577
2795
8555
8517
129
2817
1426
105
9941
795
1201
4933
9199
7380
6271
1525
3861
7293
5946
6848
189
502
9016
2114
3013
6998
102
8473
82
4665
9976
7504
1635
1371
2581
2867
5538
4785
9467
8539
3802
3259
6104
8323
426
6669
1910
4417
7267
1998
2032
915
2482
3840
3839
8094
9109
5083
1349
1786
6540
2285
4055
9768
5509
587
4191
3909
6065
2989
5620
6936
5627
6529
4378
514
9145
9667
8634
2528
9561
5498
7209
1058
7093
5549
4911
8692
7029
2836
7236
3747
1265
9342
1856
1454
1997
270
5080
316
8234
382
98
6490
2750
20
393
3186
8295
2986
5326
9699
7115
6269
7124
2944
4996
1806
6763
4853
9393
5234
4082
6548
5695
458
7400
5262
500
420
735
4968
4852
6356
7399
9984
8501
9823
8580
7825
717
3604
9567
2598
4418
7577
6256
2375
9575
8708
3107
6865
7614
4936
476
7360
7578
8883
4488
7634
6630
5422
6587
7676
923
2179
1390
21
1331
3392
5721
466
6870
3338
5929
2431
1612
5535
3578
7996
6144
1937
833
5271
4432
674
9401
2875
5165
5380
4475
6777
9707
9060
4221
901
4471
7791
9909
5151
9087
4436
9450
1848
8412
9781
1890
764
1822
7183
3566
6408
4083
381
8715
3239
2158
2635
4329
1744
163
2885
2703
7950
759
9616
5430
4592
9636
3143
4994
6719
8812
9066
5643
1002
8459
431
8873
7393
8261
4865
6847
4507
358
9204
6493
6514
7562
7787
4826
111
5830
4616
1468
4514
9453
7427
4032
1496
3057
5300
4243
4215
3644
2448
9251
6123
6591
4096
2631
5444
6992
7894
9233
4024
5119
8920
4368
7765
5153
3096
7344
8663
4288
9418
977
2591
2159
688
3044
8015
7465
7505
2751
1547
3007
8492
4015
8292
1341
6832
5508
8588
1557
2249
453
9172
4859
2216
220
260
8080
3847
1414
1296
9107
5383
929
3518
9488
4505
8629
66
8759
9572
3266
8205
752
8157
1821
745
6720
8819
5560
2059
9956
3636
8380
8672
4120
2757
1691
3483
3563
4840
6121
2732
5237
7317
2465
9176
8053
7240
5206
5472
1409
6569
805
3408
7813
2803
9615
4441
7801
9722
8156
9916
6247
7251
1396
8287
4198
3651
6618
993
6706
7207
3268
9153
3594
4742
9846
1699
1273
8428
5963
6676
1593
3655
3402
7078
1832
6820
9922
5920
3721
3796
9721
9657
1976
2108
8794
3778
7442
1152
6916
7368
4037
1619
5611
4249
9105
5629
3073
9003
5844
5102
7589
186
8912
8260
777
6132
9170
3494
5991
5084
4913
3905
8163
7250
4974
4197
8754
5941
2499
9045
4580
4253
4980
6235
9195
8402
1518
2516
5669
1373
9149
3572
1104
5758
3360
8666
9138
7141
5551
2990
8635
1974
6337
3744
1750
5015
3614
2806
5239
4345
4573
3458
5096
126
7119
8379
5845
6923
5834
8240
3089
8914
4409
1284
269
9248
2234
3768
3695
6881
2852
2497
8623
2211
1746
9726
9254
9818
4854
4702
1313
7997
5914
3200
761
3362
5016
2252
4172
2878
3324
9993
8637
8243
2002
8834
6142
982
6210
5724
5144
882
853
6711
2784
9219
8962
6474
7421
2144
5699
47
4829
7205
8164
7175
3911
2242
9458
604
3787
1154
681
7133
8872
8571
7774
1200
1375
6238
2276
2238
2586
2303
4079
2022
5129
7873
6243
7717
7720
7635
4069
8435
226
6691
2
5592
6480
99
5132
610
284
5220
3290
4367
9001
7522
7867
3345
9235
6727
1539
3912
7857
1384
3164
3406
4884
2544
1072
3687
6081
9602
4150
7612
2134
6537
3207
5067
2054
2251
9737
3617
7157
2369
4789
969
214
2752
397
1726
4772
5418
3135
6257
2869
7992
7296
1158
2872
2490
3305
3090
3197
532
9099
7448
5982
3467
7850
5872
4331
3309
3094
6886
9086
2964
1461
8964
2937
4737
6002
422
5691
2219
3793
2113
9663
6517
2314
198
8215
8144
8310
3489
6639
4516
7841
1886
5701
6850
2112
6420
5423
908
4555
9058
4116
8280
6504
3029
4780
2317
2046
3327
6930
7586
5502
2294
1159
6793
6710
7384
1483
128
7978
2828
1829
9330
9710
8738
765
2402
7643
6077
498
7834
2664
9335
7958
3053
6043
2267
4886
602
9804
4013
7482
1043
857
9774
3010
9661
3641
9441
8626
903
980
7831
5230
2514
7927
2953
3701
3181
932
5490
8633
1548
5507
1820
5788
3346
6451
4581
3025
9574
2284
3274
6704
9551
2685
1896
5539
8022
8846
9884
1594
7924
342
2029
5324
8224
4910
9432
5274
1303
4811
4925
1724
5906
3818
6244
7709
5983
5334
6791
8909
6275
5138
3296
3069
5927
659
5998
8034
8602
2931
9298
2790
1920
9950
5552
7428
8046
9915
5217
7747
9088
3306
1880
4062
4967
79
5850
1818
8642
2525
8326
6642
3623
590
2909
1260
4750
7722
7044
3359
3152
9538
3546
3139
2934
55
6268
5192
3201
2450
4724
7967
6133
9454
9348
6324
3852
4904
1344
9186
22
5537
2829
9694
6931
4282
5736
2117
7435
2915
6290
3511
32
2281
1239
495
4611
6334
8966
8918
8892
7650
122
5004
9278
848
9902
6872
8344
7213
9974
1705
2556
209
6953
2272
2351
148
683
7937
1218
845
7896
9717
7318
8184
2780
4950
6730
8592
4874
4909
2914
3659
3719
6003
9050
8546
199
7091
9892
1926
3536
5058
9110
1340
2824
4613
7026
4016
489
7315
3699
8868
8538
597
4764
5436
8318
4302
7494
2266
2106
1285
4757
2542
6973
6190
1609
2980
943
5989
2625
2689
9715
8817
1253
6983
4756
7326
5678
7792
5495
4416
9239
4629
9691
4009
6395
9642
2616
7812
5456
470
6476
7182
3998
8727
9282
5247
375
6984
9742
2537
49
9901
3647
4824
7531
5069
7425
774
1140
1089
7548
3310
9006
4749
247
9356
727
113
2879
7898
5386
3068
4365
2771
4059
5244
2210
9291
2584
4100
137
8889
6516
3161
9693
627
2406
3982
1748
9175
7297
6609
2187
2827
8228
934
6513
7260
9962
1676
1803
755
4802
8392
8302
7469
5696
9858
5434
4247
2429
3949
8122
413
3328
6085
9520
4830
9829
5115
7806
522
5956
9577
4630
7020
1224
2475
6410
8786
9408
1482
3216
9256
7164
125
4541
3870
5712
8536
5504
3394
5246
6954
7646
5806
1122
834
5648
6411
5644
384
2301
136
5862
9319
4068
7585
8926
3727
8674
6405
1574
4043
2241
4673
6829
9295
7313
4156
6103
6989
3931
7074
660
2055
8494
8523
7152
4463
2739
5877
6012
1097
7199
3428
8953
4519
6306
672
9306
228
7753
9999
5561
5565
8060
7180
3822
461
2455
2888
5818
2686
3018
7971
5047
3605
2999
8760
4651
6439
5746
8183
9529
1591
5897
7875
3177
783
3222
2673
9784
8413
4691
8102
8526
9655
6799
8270
6866
3023
7274
4101
8566
5668
9697
9775
4828
4546
4574
285
7022
1778
8691
1812
584
9438
6546
8148
4890
4399
315
2299
6762
6607
9870
2694
7796
1636
471
6272
2749
7616
3846
2031
646
3353
6194
1809
3367
2396
7682
9964
5059
8021
8510
7827
1172
1519
4988
9978
7674
364
6478
6528
1590
8615
3724
4193
2890
6572
6318
2972
3092
3980
2715
3782
7246
4660
3318
5344
9637
8807
9104
693
8417
9719
5899
1406
5363
2728
7099
3799
6328
576
527
7946
5
4777
7698
6042
5424
558
2791
7653
7666
7163
7889
825
3654
9266
4720
6140
5710
8309
4413
8063
5580
4267
3267
4659
3246
4073
578
756
4274
9778
123
7452
8384
8121
5803
9580
6106
6396
9389
2617
1905
5354
8735
2425
3315
720
9448
8625
6778
6115
8911
9354
9995
2626
75
6361
3671
9274
7737
6165
5249
5333
1070
2793
5545
7341
8171
802
6013
201
8290
6582
7444
7627
2121
5679
7445
3299
12
3791
3759
8906
4945
8933
685
3767
7017
1134
3715
1281
5081
9052
5972
9576
2656
7922
8062
1417
7013
9462
935
6355
3235
3211
331
728
7615
1569
2874
2388
6433
4070
6217
4255
8155
1849
23
6579
7685
259
2230
3516
7957
899
8239
8005
5542
6908
6456
7912
1843
4425
5286
496
3718
5242
4894
9848
5231
520
942
4704
9371
7610
1180
5688
9252
6312
61
7418
1492
1831
2910
9309
2157
7916
3154
5184
2430
2038
6952
8776
4473
7644
5493
1304
6840
8886
2679
2080
1780
531
4559
2589
2008
3052
9118
5716
7174
2443
2180
4050
2069
5893
5741
6849
1271
1779
6887
1872
2998
4038
658
7574
5900
4860
2151
2152
6157
2842
4028
6383
8972
6213
907
6854
482
2451
9695
2041
6092
3085
7567
1076
8743
1352
433
6055
8466
3042
4937
143
2776
9096
9536
359
1490
357
327
1940
9826
2283
6061
1107
5008
491
7741
9872
7168
7454
9720
8736
5087
4370
2171
6682
5901
401
4105
1156
9120
3208
8409
8516
839
2536
8288
9304
3879
1867
1437
8194
1257
3690
8825
6902
526
4995
7537
1845
6004
278
1762
7012
1583
1243
8000
7082
8707
7116
3459
2404
9000
5323
6371
7545
7278
8706
5589
1495
3820
4920
3804
6402
5731
7495
3598
4342
740
62
8149
8178
583
4422
8590
3825
2672
2865
9452
9791
4813
2288
8248
1618
2574
2588
3189
7206
9038
2347
6626
9991
9727
72
6802
7824
7258
9740
898
8870
4817
1294
9498
4195
9397
7575
1099
2009
2927
2286
1345
3312
4709
196
7744
3095
8732
6551
7818
1642
1592
6580
4171
8512
451
2005
671
6401
3732
9907
8018
6556
8390
5886
1477
6429
626
967
6006
5201
4493
1246
5313
4158
6321
1445
8463
7235
2565
6957
4734
4953
3284
3051
6167
4697
4908
7637
1064
6622
1760
1698
2726
7363
4332
8574
193
3936
2277
5919
6800
3409
9178
2603
9788
895
3880
328
4099
6608
8556
1752
6928
3541
4607
3404
7911
8264
4855
9070
390
1166
1469
9369
7885
4548
9845
6539
1084
7106
7098
2932
9511
5291
7814
8502
6175
4065
1960
8758
3869
237
850
2738
2943
4551
9534
7107
8410
7156
1608
4235
1742
2084
8448
8857
7021
2783
2647
5095
6663
6011
1498
963
9229
8097
7961
5596
3748
3539
4479
2520
4429
4926
1401
7810
4537
3270
4438
6889
7090
9533
3588
1018
3913
4075
385
4810
7941
5707
861
5289
5399
843
6023
6338
4360
5446
8343
1149
7518
4236
4594
7398
1736
3521
3681
9834
5427
1326
1694
1601
8490
406
8599
7974
4051
6345
160
9010
7811
3128
7034
8959
3684
4076
2125
4723
1231
1630
9203
7208
6463
9966
9227
8821
9899
7407
9365
6836
7602
6619
2222
2223
7902
326
8238
5782
1655
5667
6241
9078
2721
8604
6718
1394
8864
4464
3680
8336
8746
3988
6918
168
2126
6927
7784
8232
3863
886
4793
716
6985
9803
4114
2236
77
8498
298
3386
3340
3048
3145
7422
4281
2799
7118
9646
3332
9891
6658
348
3897
6543
8569
7002
2078
3887
615
8606
3836
3364
4085
7169
9730
8513
6612
477
8937
5880
5001
1411
1711
4293
2856
1813
3734
1927
1883
5837
4053
4862
9480
3569
4187
4887
3790
5449
9744
4183
7938
3523
6281
553
9526
6873
2826
669
9455
9435
3241
6171
4080
6667
1162
550
1791
9005
4001
4565
1620
5195
6966
166
5615
8253
6590
4312
7820
3714
294
4758
2957
1889
8656
4636
7668
156
1238
797
1715
2287
7593
8739
4947
6325
7694
2256
2280
5309
5753
9212
9517
1898
860
4584
707
9626
8331
7404
4504
6505
5050
7782
3273
4494
737
1514
5179
715
1892
5182
5868
1208
3218
2884
505
4295
6494
6715
2307
3470
1026
6932
9723
4638
267
9143
6180
7167
6181
4212
4496
4805
972
8967
474
2428
4487
86
2355
9409
2692
3114
4279
286
2169
3595
4119
633
7508
3774
5055
634
9879
6620
5089
2627
4280
4834
1148
9185
8325
5065
3349
242
5026
50
5567
3229
1389
1022
8907
8072
1357
1145
5628
2018
6515
4740
7931
6223
6392
369
7379
7142
9600
3147
9734
938
5967
8133
7952
1739
1947
460
4747
9119
2072
8438
4992
3493
5725
5484
2742
7024
1073
4315
3559
5361
4040
4110
4021
9142
2816
4633
5235
9344
6178
7672
4433
2678
7804
1923
4932
9867
4387
1654
4149
9673
3990
8534
1093
8141
7177
4403
8704
6197
8235
8948
9476
4027
1917
4240
6110
8266
6184
2146
4018
3601
6354
6869
1301
9425
1113
8203
3417
6768
2971
9745
3567
1556
8153
2633
3278
5483
1270
4843
436
7248
5671
7972
8845
7001
5068
6818
1944
6593
5253
7746
5742
8381
7229
8040
6649
525
3522
9122
586
5936
6699
6695
2296
1502
713
528
3666
7790
1462
6614
3728
1749
7633
8373
6010
4206
5275
2189
6462
6222
8789
29
1065
3482
1918
5473
5170
89
4155
3301
8601
3589
7261
349
2030
1114
7579
9554
5352
7874
8878
835
4340
6470
5817
1678
6086
5749
5137
2045
6234
3291
8396
10000
1942
7859
1767
2855
785
100
8020
8745
3771
1203
4540
8688
4419
7556
5513
1930
3012
6842
8646
6792
8722
1579
2068
6638
5467
3551
8947
976
221
4831
6686
3895
1117
3479
1859
9281
9654
2265
5012
8276
6905
9756
6417
804
8169
9415
5043
4680
5304
2851
2003
7570
9839
2765
225
8322
4383
6561
5147
5278
5056
9327
4954
1098
3124
8455
1413
250
8265
8636
8795
7361
6001
2607
7515
824
1127
6242
9272
3039
7385
9273
4330
4349
297
2503
6375
3000
5173
6962
3710
7162
1478
3320
7954
3848
5600
8427
7171
2474
2966
3658
4071
9728
2585
5064
5171
7381
1991
2297
6192
8452
291
8934
9160
9431
6536
9531
4137
8810
3112
922
6746
8949
5477
2020
5409
4257
3108
1681
7951
6130
251
6302
7114
5351
5993
4410
8250
2202
4087
5846
4335
8515
4121
6064
2282
1178
3801
4801
1092
6205
6221
8993
1402
5445
3794
9996
3745
9276
7007
8560
2181
992
9679
2572
9167
6329
3742
2521
9297
3646
784
2871
6067
6426
2861
1759
6407
2485
2088
6117
4369
3872
789
8695
5512
7397
4258
7584
7947
7259
1383
4439
9128
1529
5765
7077
2170
3321
2163
5397
5317
6687
9202
210
2111
4666
1645
238
5824
7023
9374
7887
146
7134
2188
8098
6409
9957
6705
4364
4915
5033
2298
746
1827
7392
9677
8285
2148
9090
3726
3896
2354
2074
5945
8348
1990
2182
1986
6160
9948
9461
299
3365
1863
6333
6963
96
1973
8445
8405
9220
3789
6904
8467
3565
5654
9630
7355
9187
4115
7695
5804
1353
4717
8319
4639
6846
9463
9180
8670
452
8905
5009
1078
1737
3158
6898
8662
1703
7604
1537
2813
6634
6443
1513
2254
2220
8315
402
3577
2649
371
3497
51
1077
9762
6970
3944
9698
462
2383
232
1582
8820
63
9938
4957
3656
9059
3198
1337
6635
277
5917
7148
5420
954
8790
31
900
5595
6229
4823
4641
395
6196
7429
7279
1310
9068
1060
1756
7377
5462
2357
7047
6313
2622
5978
5451
8893
608
7227
411
8481
9928
1398
1665
7949
6216
5454
1554
2559
2356
6940
6014
2458
6416
9031
5553
8493
8879
360
7226
1573
8522
3939
9129
5116
2460
447
5128
27
8664
6526
611
8783
8607
7483
2727
970
5959
7939
9132
4064
7359
6475
195
9216
4458
4637
4930
7230
5640
3555
7048
443
455
6039
5243
5082
2962
3821
7108
6858
1322
2140
1857
4982
3024
8771
5251
6575
5457
7638
6285
2401
4640
6640
34
8088
4554
4266
7443
9557
9601
7710
1042
8130
3886
5923
8399
181
3819
9981
3165
3209
6503
71
8711
7994
5954
6879
9704
9682
3685
9690
7097
544
9385
4984
2731
8547
1051
3407
7256
9889
6252
1133
3138
7102
2201
5793
7161
4353
6176
1660
9741
7339
3416
7660
7353
4597
244
3256
4593
4935
1985
5925
5987
6139
7110
9446
8006
621
8084
8880
4899
3043
9383
2461
4562
7441
7714
3059
3938
2814
7711
2053
754
2109
2772
7496
8221
5827
8303
5391
9860
2745
9605
4728
3074
3480
2000
1894
1939
3832
2593
8854
9670
581
1928
3857
9537
5287
246
5212
6961
1259
6276
7736
1280
7842
6773
418
6744
1877
9495
4523
2175
1667
5439
7100
3355
3436
9243
6834
4125
1286
3649
3093
6681
6500
6880
704
5612
5120
6659
9510
7893
65
8827
8443
7073
2370
2469
1599
3670
2674
9755
5320
6173
648
4851
2274
5156
7914
2389
5402
5382
147
7858
5342
3495
5727
1034
249
9852
6326
9965
5888
8741
9002
3003
8092
2981
5517
1769
3722
776
3381
640
9329
2127
3528
387
506
1153
9021
7311
9433
8818
1059
4733
6183
5011
6586
4644
1781
2614
5022
4181
302
5816
8744
8143
5598
2014
7535
6951
823
5807
3026
8462
6236
7126
3669
6756
2802
7750
4147
3178
8979
3935
5773
2173
8507
4310
4063
7713
806
8103
8055
8703
801
1400
8530
7231
7772
1978
2501
721
1061
4589
1734
599
2403
2215
6310
8008
2133
4776
9822
4530
7314
1227
3131
4675
4287
6670
6752
9491
9377
3632
8499
5407
8957
973
9849
5408
2100
3334
7999
7987
2049
3708
5236
1955
8935
9631
5969
9599
3930
8503
5157
3700
456
2413
7129
1452
1901
6166
1952
1135
2568
4303
8998
5387
5700
6506
4799
6262
5429
2597
3156
2922
5365
3676
2231
9558
2519
2123
2149
1855
1581
7742
2028
2697
5524
571
2444
3329
4233
9473
3922
4480
7166
5228
5684
8814
927
9659
3815
2773
2737
1578
3667
7861
5052
5328
978
1604
1999
1666
8799
8397
9566
9355
523
7071
5450
8859
6888
6457
486
8576
5312
6406
1550
5395
8394
3424
9325
3908
7280
7566
4128
140
5189
1220
6929
9164
9456
2628
9701
5491
2162
8119
6245
2167
1695
6005
5329
8083
3915
1366
9937
4670
4743
3368
5296
941
3545
1633
974
493
6743
6965
8334
7479
5405
161
1232
4205
1718
5321
4029
3850
4914
4252
4010
480
5124
4732
1697
7085
554
9144
6598
8720
7923
9942
5747
3803
7538
5000
7693
3238
3977
5896
9675
1505
2663
1941
1471
855
1365
5602
4978
4657
7514
2135
4214
9482
2881
3963
7795
3945
3503
3272
9747
3046
7942
7025
4768
7828
1359
5789
5871
7513
4283
7005
5756
515
8442
183
1291
5631
6917
6811
4077
1899
1897
7892
4291
7018
9025
6914
6617
6297
958
8508
7225
4778
8291
9918
2858
9300
9232
5832
4791
7837
9157
134
9267
1637
8196
2841
1708
3743
6530
2949
6741
2336
8584
7388
5396
5501
7511
8572
9271
6627
6921
549
6000
6168
9731
8271
9743
936
8107
2271
7628
8942
5164
9994
8535
9809
6821
4263
3445
4542
6644
5752
7004
7506
1198
4879
6054
5264
607
7439
4239
4002
6807
6445
7943
9089
4208
9420
6431
7033
6098
7349
911
3411
3264
1074
7617
428
4486
1308
3942
5330
7277
5158
1446
3992
5751
3697
598
1211
2691
5840
8237
3180
5260
1297
6804
9047
1796
4906
2132
2988
7652
6270
8456
8780
3213
6309
9193
3875
6461
579
5664
575
842
1136
8531
8352
6232
2782
966
6071
4285
9921
2797
3593
8359
261
603
5438
9739
829
3027
2887
5647
4044
257
3297
3475
3788
7151
6558
3454
150
2483
8278
9249
9218
7028
4117
4560
7534
9680
6208
9581
9799
6758
7639
1444
2895
3190
7821
7679
5977
567
8988
7620
8047
499
5928
6148
5531
9403
4849
521
4678
1266
3955
775
9209
2023
319
1206
6454
2025
4089
1194
2835
9838
8254
449
8976
5175
7621
6322
1258
8337
88
3380
415
5057
1328
4423
7184
5711
9585
4782
8527
9635
5233
6942
2733
7663
8863
7568
7933
2618
4919
4354
7283
1503
9904
6446
7008
3679
616
5606
9539
6495
5515
6382
4184
5442
741
9549
227
5781
1327
609
2477
398
3833
9440
8422
1823
6422
2716
8917
4237
8312
9783
1418
2725
6629
6726
1441
1252
5403
3047
1834
8362
4180
3579
8061
4790
3557
2511
2983
5902
4503
4739
4296
3943
8766
8596
8214
5675
4289
9508
3170
792
3117
1902
8301
3554
3133
4490
8721
8842
4470
188
3249
8660
6093
9484
9985
7797
6120
1980
5029
3609
118
1369
6114
2985
2493
3964
1683
296
8782
8370
6203
4765
8134
3433
9421
782
2763
4970
2619
8421
7803
8887
2494
2204
6606
4707
5734
7332
9210
3153
8158
1276
4517
3628
9092
3036
9986
1382
6376
2480
7416
788
8837
9842
7572
1884
8869
5028
9570
1528
4426
1095
5665
8218
4311
187
253
2124
9523
8139
1343
3585
2811
2098
2657
2155
9427
8982
6339
2312
4885
355
1761
8305
4091
3034
2509
3469
5037
2105
5642
8551
41
5534
3277
3783
2950
8554
9392
9716
3258
6367
3230
8002
4108
983
1229
2382
2062
9041
9152
5528
4645
9507
9029
4903
7172
9314
9708
2487
256
5910
8066
7101
3134
1450
1332
4348
5335
8990
1062
1012
8026
664
2264
1623
3016
6136
3984
675
1643
2035
8557
2840
2131
1120
2787
2523
546
655
2452
5202
9793
9076
7748
9123
950
1128
6096
2615
3348
893
6228
4485
7524
533
6118
5010
3592
2232
4907
7815
6294
9927
2735
9888
2809
5973
1810
1713
5481
392
9382
9182
3435
3075
9871
6311
8895
3587
2538
9633
309
9419
2258
9611
7178
4646
1865
1870
1068
7471
5693
4118
2453
3678
8882
5290
3447
8609
313
6679
4962
3621
7423
4991
3797
5805
1616
6713
4017
6070
6897
4533
4394
5922
9289
9317
8752
7323
9399
1155
112
2366
205
8698
4755
2812
2359
5183
2680
8071
9881
6147
8969
6151
5506
4453
4190
213
7378
5315
3028
2969
9373
2237
914
4891
8286
3916
6933
1030
1954
9502
3492
7526
4498
6037
2700
2508
2192
9868
7755
8549
7895
5907
1814
3357
844
3926
8617
9589
1175
556
7788
5269
4998
3331
7991
4942
9159
8161
5459
9296
4445
7075
6765
4985
7878
7925
6308
281
4535
8231
7438
3021
5355
5879
3463
6633
2273
620
5267
8600
3136
416
6959
8146
7654
4269
2344
9687
7903
641
3917
7224
8839
8450
8772
2792
3347
7877
124
725
7049
3608
5187
2147
7365
2137
2449
8177
1605
8803
4366
5133
6724
7872
3937
4145
2154
6534
1487
4036
2205
4035
1169
7984
7520
8082
211
5214
2801
6076
3356
9424
3508
5962
3215
7040
4658
5745
8899
8628
1524
7320
153
682
5272
9807
9761
5478
236
4442
7121
1672
6976
9065
1531
3474
503
3816
8382
3590
9117
9417
6766
8787
841
2079
1622
6373
6154
2335
4459
1650
3575
3885
3352
3081
8582
2770
6186
7853
9512
8567
952
9279
7708
3103
5779
572
8923
5854
1520
5492
2843
5140
7144
2349
5574
3379
6735
9311
7569
8952
7899
1732
851
8829
921
1330
6512
4225
6364
2364
7370
3906
2322
1692
7970
960
4192
282
3777
8838
6347
151
1523
5032
4845
4261
1745
5759
5036
2479
9960
138
2199
3304
1624
3525
8389
5774
5792
3703
6036
2341
7292
7076
2387
9214
1248
317
4927
6592
1802
4351
1415
9924
8928
6304
4226
2206
223
4294
6368
5018
6999
6615
8562
2639
9603
8208
4668
5603
3871
9496
6822
4528
4735
4223
1184
5588
3979
4000
7667
2115
3648
7763
6381
6893
5486
8506
3079
6108
6599
8924
1269
2439
6101
2094
4159
4123
6278
8904
9231
821
9
7868
4456
5051
4943
3163
3122
4619
9061
3253
1412
271
1551
9040
9847
4621
9896
7533
9681
4483
5966
6031
6237
2808
9939
7732
5947
5981
809
9207
9754
6844
5548
4744
7527
6790
1282
488
924
3932
4373
2198
9935
724
9494
5833
8401
6260
3434
6467
2796
4524
9869
2398
2730
4005
1995
4336
2070
1740
1255
7510
1101
7862
3792
9836
7111
1984
9081
338
132
3736
2010
6274
803
4864
5876
241
8439
1139
6122
3423
5541
3058
5474
8299
2305
1864
2961
625
4199
356
5931
5591
9515
5847
5934
698
6105
275
9908
4825
2071
9893
7345
8485
3118
8808
9221
54
1725
5856
8398
171
2946
4544
3738
6153
3384
2320
3873
4124
6116
4552
3901
5666
5485
1000
3725
1674
1295
7298
2408
352
8504
7762
3449
8824
5103
8866
5359
7127
732
1925
7865
3390
8306
3810
5461
2746
8594
4901
4277
7476
8349
2174
191
1938
6251
5810
6102
5996
9831
8929
9114
1696
4103
5519
933
4084
5362
8614
8699
1875
8249
5571
3844
6656
1315
644
7783
8779
2064
1283
4308
3603
632
4052
3530
2753
3622
830
3062
7662
5256
1670
2186
5384
5523
4748
6056
8282
8665
8039
6824
719
8365
7655
7771
2316
2923
5188
5891
5294
7145
2646
9316
6780
647
8922
6853
2705
6265
7491
8230
4792
2415
5440
119
5392
4506
6448
1393
5282
3561
8229
9987
7328
421
5763
3063
9475
8731
4539
6342
2942
3776
8603
1240
7501
3947
1846
2991
8371
5191
9961
5608
9100
245
3438
3194
2569
4595
3752
9579
6230
6202
6576
7257
2979
4170
2698
374
7103
6578
6703
2970
3294
7468
8447
2081
2945
8408
1168
4034
7781
144
3011
7228
6784
7565
169
865
3335
5698
4518
4647
235
3662
1970
2901
8568
1050
5937
1459
5870
6877
2486
5425
4808
2648
2427
1792
3965
6764
7677
2706
6391
2456
7281
8894
2367
4677
5556
1878
5114
9130
8718
8826
996
2743
3876
4358
8446
5869
8639
8563
4106
7062
3940
979
9360
6029
5636
1069
7331
5283
9166
2006
2666
2024
957
2012
3784
9464
6323
322
7706
2021
747
6319
4946
2345
7269
6379
8858
7348
9395
5139
389
926
6796
5393
8561
3785
6161
5713
4979
819
2778
9796
1772
6109
6833
8987
1219
702
8294
6894
5646
606
1651
3457
6477
8661
7793
904
1185
2329
2913
1193
8471
6340
303
1049
7306
6200
3343
3171
8960
8262
7088
1804
4961
7934
7481
8975
9008
9225
6455
5697
6044
6585
9127
6344
9709
2570
4139
3550
8694
5099
333
2447
6950
7415
4635
7426
7891
3951
5938
8136
4476
1241
5482
673
4008
167
7581
4814
9617
5651
3350
7500
4575
9943
2161
6066
7139
9437
6664
763
479
2527
9825
961
2333
3739
1085
1438
1811
9853
9894
1385
8861
7595
4622
4856
4803
7284
4023
9614
1350
9947
8220
8621
81
3515
9171
2502
9718
5213
2862
4631
537
8785
2529
4905
2823
8860
1020
7046
600
8916
8816
3933
5364
7270
5198
9945
705
4711
1360
9299
4169
4769
959
5374
5031
3188
1837
3958
6589
9760
292
6913
9686
7043
5776
4949
3650
224
5790
6817
2489
7794
2247
3337
3004
6987
8815
7477
329
6399
272
3397
1906
9079
4412
7232
4270
9668
8079
5866
4511
4877
6421
3333
7541
2309
1853
97
1852
4767
1126
5843
1860
8529
3634
925
1485
2906
6022
2723
2604
1540
9880
6404
2848
6189
6519
170
6472
9032
6815
5073
9887
8552
8284
7170
6732
2412
2090
3363
3450
5558
1125
7350
4386
734
3422
6610
9873
8216
8272
9085
8541
8332
7140
7155
230
1391
4722
5039
5638
39
9150
5358
2967
872
8198
265
8176
6267
7935
1830
4774
828
8429
3765
9900
8369
1776
4572
7734
7561
450
1727
8898
8900
3677
9014
2912
6920
8327
180
4163
7322
7833
4122
5607
7641
343
8605
7117
9865
4025
6552
2810
1439
1542
563
7485
7136
6025
3020
7218
346
7358
9262
902
4916
3146
8411
7909
1432
1700
3507
5586
8682
2153
4431
4130
1640
8652
5881
6052
9422
4111
5737
92
3756
7480
19
9468
6864
8550
7642
173
7739
7704
1606
8476
2936
3242
383
5003
1968
2543
5709
2270
7502
3427
1442
2838
7329
6045
2587
2741
9112
6233
6479
9553
8537
8593
194
7262
4871
3620
1948
8193
8126
6266
5829
9405
4224
4388
3140
1946
1392
4727
5488
8973
5223
5988
5494
8115
2414
84
3962
4738
9027
1233
4466
3126
1317
3127
3761
1876
8559
1824
306
3174
4536
3375
8024
6856
273
9651
9426
7478
1533
127
7552
4497
2166
4710
856
8056
3225
4333
3548
5100
3109
9565
9457
3476
7266
6745
7805
5593
3773
2926
4136
6538
4234
6694
2609
4959
414
8137
3415
4222
5705
5094
311
879
9931
8659
6135
6801
6100
4603
6465
7960
667
2036
3535
9191
2099
7302
5258
9967
5777
6021
5196
9876
5520
8681
1795
6362
5841
5677
2376
6016
7411
8414
4138
4846
7554
4067
7109
4363
7271
1559
9017
3769
7159
1217
3941
1287
1982
4152
4041
6211
3859
4398
121
2712
8464
7405
9030
5861
4615
4990
4174
7450
336
1277
8540
2424
5786
9163
6890
6249
9776
9975
1544
3994
5054
2128
6497
2435
4944
8578
103
6377
831
2892
9024
7843
7919
7993
305
2313
8441
3971
657
2165
429
9797
487
9658
4842
543
5976
1467
4307
1055
1221
7523
8901
7773
4689
3233
1091
9402
3110
1747
2420
3149
7319
1347
6059
4754
6193
1613
2048
7959
565
4244
1922
3455
5694
5884
9312
3446
2807
6527
8199
8477
3265
5428
2798
5475
5755
2708
876
7558
9487
5097
3969
1657
2534
1086
7986
7188
7969
7757
9349
892
4761
4521
7651
2857
314
7749
8480
5605
5516
5349
410
3261
2821
9265
5336
6182
2768
9729
6673
3440
3283
5431
6813
1190
2342
5030
1546
3142
5379
1789
3899
14
2478
3330
508
7756
7436
6841
439
4143
7631
2077
7802
7675
8848
9857
3552
6150
6759
3254
8487
9345
6960
3017
1497
1464
8712
988
8296
4338
1794
1522
9806
9181
1687
722
4135
7588
3460
3627
2575
3923
9492
2960
8613
8474
1329
7512
1230
3176
9518
8081
2060
9798
4569
8432
7396
6794
1887
9416
2894
2554
8685
1907
6903
8132
4893
6562
6398
2582
5210
5783
8027
642
2462
3168
1036
9862
585
7420
7759
5821
9490
9198
5943
8793
6366
5455
4604
2984
9513
5823
2392
4975
4151
9638
1079
5852
998
1709
2209
4939
9685
3764
653
4495
8714
4374
4715
1460
7244
1216
4457
9917
2178
6702
5857
1473
1588
8431
2481
919
1456
9460
4435
1959
4783
4822
1399
3064
8009
4655
5464
9358
341
5470
3102
5505
2214
9840
9302
3050
444
2052
5754
9340
1600
3673
2212
3763
4997
9556
2218
2905
5674
5070
8252
3573
8792
4880
6986
7285
8275
8734
6138
2982
8341
1517
3674
3172
5579
5980
1124
3231
679
7981
3496
3894
7936
1053
7692
8946
6900
254
2853
7456
766
3104
2713
7619
5471
3786
9504
2337
8781
3022
6532
7778
8697
468
1915
3465
4407
6390
3361
376
6808
5568
391
582
9874
1428
1209
718
3663
8668
2995
3927
8023
6885
7291
8768
8497
7905
6072
4462
3248
7890
7882
5663
1785
8717
4309
158
4481
3391
714
5368
5226
2353
6621
9080
3425
4606
7382
6896
3403
361
8851
2207
7727
1816
4424
4359
3520
9321
726
4213
538
6683
4872
2630
5540
4380
362
7673
5027
1463
4164
9230
9293
8710
1826
3339
9384
1501
3618
3583
6816
6403
1874
3749
7870
810
986
3730
2621
6083
434
5284
6789
7210
8032
7521
6643
7528
4201
5892
6996
3167
6068
7613
1189
7832
7913
1147
3300
1510
8612
1979
4649
1250
5683
7725
5808
5723
1234
1656
937
7629
8723
4963
7845
750
1003
5319
6430
9932
987
2789
6255
7190
1009
8871
8108
1138
6774
1552
847
7754
4372
1261
3076
2332
2257
6997
4465
6647
663
8395
1589
5002
6286
2226
7926
1712
4200
7745
8304
5447
771
3807
4882
612
4434
1368
7147
8686
4719
6084
5799
1757
8423
2719
7680
8424
5360
2860
7636
8809
174
7053
4334
2315
2671
3524
4867
6113
4160
3884
1710
5890
7928
3006
8643
4004
8251
9810
8729
2800
9277
7932
2459
2466
6149
639
9906
185
4708
3251
8680
2658
5160
3462
5377
5704
1356
3853
8451
5411
4260
6934
2348
7507
3205
6336
7304
6544
566
4956
5415
555
7016
6588
9977
2472
8908
2065
9569
6507
2245
1706
378
5714
9023
419
9184
45
517
5339
130
7645
7995
7775
459
380
8160
276
9007
101
9833
5378
8589
7886
6787
6485
5044
3762
965
8884
9057
7768
1962
2707
6939
7779
2027
2623
820
7848
3439
9923
5740
8016
8127
5514
7532
5894
2050
6632
3354
5370
2044
9465
8608
1663
2418
4608
9789
7447
323
3414
192
5965
2804
654
58
6343
7846
9516
2883
3313
815
8936
4146
7234
729
4627
48
8730
636
8147
3
3376
9837
9632
5898
5375
6935
6657
1793
1558
1774
1338
9303
3129
4251
6696
6137
5177
3282
207
4713
8784
5046
7640
5007
6057
5951
6978
9925
8570
46
6441
4389
2870
1422
7301
9158
9318
4088
4074
7973
9652
9926
3101
6891
864
5301
9046
6424
3893
3374
3882
8011
7731
6287
1131
3412
920
666
7351
3487
6293
9168
7688
4839
2441
5093
9043
3421
9535
8833
8110
1167
7412
8587
534
1121
9968
3702
5576
463
8041
4058
1339
9794
7921
4583
2916
8705
6568
6172
5915
1977
3838
5622
1039
5238
9696
4401
4134
7964
518
5559
6729
4350
231
9930
7461
3464
7560
3713
3967
5034
6721
2638
1996
3986
4534
1758
8378
1488
5476
1004
4397
6862
1639
8313
3125
17
7449
2864
822
3398
3405
6097
6782
5689
906
9546
1689
1381
6508
4323
1768
2567
5112
1743
5166
4820
7249
3169
8440
8915
2767
2034
6279
8138
3038
2918
485
5060
3830
2893
3019
6685
6567
6510
7451
4003
6737
8486
24
9540
1571
6595
7839
5465
4529
4714
940
1434
2837
738
1754
4392
6284
1191
6019
5340
4405
3385
7087
1891
9213
2924
1494
6263
1054
2225
366
5811
6218
4609
3902
7245
8173
8654
2566
4929
8225
814
3829
7192
6631
7191
2007
1244
701
524
6922
4211
2896
9428
5912
9310
9228
7800
4384
3100
3505
9337
1395
539
4314
9912
1607
1627
3574
3009
6859
1871
2262
5241
7064
409
4620
5933
591
4144
877
4561
4072
6353
350
1143
7165
4129
3199
7173
7965
9069
2578
8245
742
216
8366
7917
7027
8350
8242
910
9583
2948
2839
7189
8655
8077
930
3731
2410
5111
4628
7729
9969
981
289
2766
3399
4168
8407
351
5522
9813
5122
2026
6956
7430
9705
1994
6915
3045
6883
545
2227
1472
9859
4238
6945
3366
2833
2473
1299
2714
6604
5414
8003
6078
4861
7104
9370
7253
8117
9982
9489
9398
1363
7137
7045
4297
6653
5566
5480
9284
4596
6660
7963
6307
6088
9140
5722
4579
1176
290
5292
8823
9264
8805
6427
9483
3691
1992
9597
2190
8028
2417
3255
9148
3532
5113
880
5053
4300
7383
3132
9062
7799
8004
7982
264
1716
1057
9875
5858
3481
6282
8470
9056
7272
2775
8683
630
1199
9547
2476
7798
6127
4667
7009
5932
5086
8210
2583
3295
5381
2859
5661
4104
5921
3086
457
4102
3219
5770
215
8856
4242
7198
2075
5106
1081
8308
769
2515
1799
2037
6803
8630
1641
6819
8188
4449
7036
9706
7255
7242
2539
8233
562
4612
4492
3204
9764
1869
2394
3600
5075
6797
1087
8950
6434
3705
2734
6292
9640
1988
6369
3946
8013
4624
7440
8328
3845
7112
334
6783
1807
7051
1603
7998
6688
4054
5229
8324
8970
7525
7394
2933
1214
3599
4815
7419
7130
2547
5687
8558
4014
3148
3015
3549
7463
6668
5800
15
9497
3729
2755
1210
813
5174
1729
9396
2655
3924
4292
1576
5587
8393
8676
3227
5975
6851
7871
1751
8514
8222
1765
4955
1707
749
379
6423
4973
3973
56
4265
8475
5149
5842
2760
7014
9294
7080
1932
2602
6386
7032
1532
4469
1568
3957
8256
7664
4706
3396
9493
5903
6723
3236
8014
1476
1983
4284
997
7489
8831
1249
1924
8553
2139
3245
6017
3498
651
4564
6299
6481
6624
9328
9763
6731
9819
1549
9313
4328
6895
1963
5992
3485
7847
6156
5197
2073
8479
6946
2665
7079
2819
203
3286
2729
2866
7539
778
1909
7657
7084
1109
4317
7583
2291
4512
3746
7686
6048
1226
5503
3032
5838
1195
5578
8974
8453
9992
7413
6458
7656
1935
9595
4406
1621
7203
373
2558
7294
3672
7611
5204
7453
9177
6924
2239
7866
9196
4986
6087
8437
3928
2279
6798
6809
5410
4228
6141
2484
779
2531
1731
8057
1861
5656
2374
1288
5176
1480
6214
7901
9051
859
8330
9048
1237
3144
4807
202
274
1805
1686
1858
3892
90
1943
6124
1130
5020
4207
7553
1956
2086
8777
1096
8223
3921
1164
7529
3452
7915
8977
3616
7547
1103
9864
372
6838
7702
6468
1427
7431
7622
8770
8774
4140
9364
6437
1197
1272
4047
494
8850
2331
8757
4726
3442
7484
5048
6855
9339
1334
8244
2831
1626
8855
5950
1321
2372
2326
5232
4061
3642
440
6980
2642
9237
5350
9067
8978
1388
5728
1688
1008
7252
1638
4468
2057
2436
968
5104
4999
2360
6531
9270
3888
5045
2343
8086
2160
8403
3196
8151
5676
8840
7715
9275
7907
8832
7335
1174
8128
9121
2138
5708
6365
8099
5327
6600
162
9174
7948
3370
7086
9268
501
5685
5310
2863
8764
9713
8029
1386
5662
793
5974
2067
3527
3317
6689
4248
4896
3689
2263
4964
117
1981
8114
4531
6491
3342
7131
70
1704
4177
7010
3948
1775
399
35
9131
8064
7701
1262
8910
9084
5822
1170
6545
9779
6483
5203
7735
5769
7214
4746
9689
8896
5141
4326
8748
4179
3279
5585
5307
1491
4395
6261
4692
8813
3226
1866
6947
6677
9795
670
5146
689
4543
2056
7391
5562
9914
3451
9407
9257
4895
6370
4112
8172
106
344
4656
3400
6601
7884
5071
243
8207
5066
5257
3183
7864
1110
4185
4806
6651
1320
730
472
3813
573
1836
1047
9039
6225
5686
6944
9560
3393
9141
2849
9998
1644
1911
2325
4941
7464
7333
1063
5123
94
4721
8076
3741
7153
9758
2555
2815
9801
7401
6542
4474
4472
7546
9835
6975
8048
6839
6449
4566
5136
4696
3733
5159
8575
2562
1851
8491
8001
623
5468
9287
1888
4499
4741
4610
7158
1151
337
8689
697
3275
6684
4460
4773
1570
9445
8259
2118
5557
4716
3289
25
5388
4971
6289
3314
1144
7310
3781
4760
217
4259
5878
2492
8416
1936
786
6498
4759
7929
1788
2653
7648
7057
7433
4556
5318
4148
7434
7906
4092
8482
2595
8989
3113
1228
2651
7347
8356
3243
91
2788
3173
7530
1610
3950
9665
6060
5536
2255
6594
8986
5215
8118
2662
9552
1934
9359
2947
4795
4662
4876
5435
1507
4320
2868
6958
9676
9714
3322
7263
9863
467
2397
2310
9290
8468
368
6843
5970
8765
3431
836
353
1023
8159
9135
3989
6053
6749
1475
4375
8956
5190
5791
6603
7042
5573
7006
1247
949
9253
7625
8152
9878
3889
9137
6063
6177
4892
1457
5949
6209
7462
6779
5957
8030
595
2495
2724
1306
8632
1225
9625
8339
483
3795
4688
9913
9584
1949
6941
3562
3668
1766
3717
2164
2368
9190
890
2261
5406
2308
7752
1587
8017
6692
1451
8454
9521
4132
7247
9782
3088
2076
6535
9413
511
6625
8944
9169
1825
218
9429
4020
875
1929
8769
4897
696
4870
2442
7910
206
8844
3099
6246
1435
133
1885
5076
2361
4731
662
1679
4718
2248
5815
2082
7856
4455
9604
310
8333
8075
5014
6158
8725
6761
8375
9098
1787
9116
8019
4273
1256
773
4256
7460
3624
4343
5604
3237
5369
9767
1945
1541
2641
1730
990
258
4771
753
2195
7197
4653
2432
2917
6069
5760
5655
1245
8311
676
1481
2089
4039
8733
9034
1989
9525
2847
2208
8089
9189
7325
7559
1429
1455
5768
3250
1309
4275
8679
8496
9334
3078
5263
5205
1316
8112
6964
7817
3257
2549
7096
2882
3389
2240
9656
9623
8542
4178
7221
1527
2116
4563
889
5719
6040
3855
8007
4643
9072
4674
731
9808
2876
484
9514
4775
530
3008
1182
9940
9573
6662
1595
5613
6484
4194
9542
7551
3501
2016
9125
8961
9361
7770
2654
5775
2594
3461
4838
9750
8202
5285
4786
4056
7980
8361
4921
5835
9983
2411
1690
9883
7624
3919
9037
5766
4800
3538
1957
175
8489
1289
1615
4220
1770
3704
1279
5659
1953
1839
624
4850
4030
1028
8631
3175
9509
2899
3271
7977
6089
9368
8087
9054
5279
4787
4107
7540
9247
6050
5961
8420
9972
5341
7200
5812
7467
1448
5619
3037
6128
1075
4966
7212
3159
2935
9628
6776
1950
9183
5398
6909
222
1040
4965
1671
1052
116
9963
4751
8649
9173
3865
2540
3596
3082
1965
7603
8867
6
1150
3185
8124
4166
8353
1847
5653
7052
6486
464
628
7354
1323
6623
4819
6845
8616
2939
5971
9735
5918
2004
8186
9444
5211
5200
6734
3823
7844
2102
8360
635
8415
5649
9320
4352
1037
643
870
3758
9970
4525
2061
6875
7989
8796
519
1202
5460
8650
5035
9586
8865
8622
1254
7601
6315
3534
7707
8078
4157
2142
4451
5930
2530
2897
7194
283
2596
8298
1046
7751
9223
6750
7597
894
6666
3824
1511
6863
7067
108
1132
4045
9352
4538
710
7509
1336
1342
8120
9055
5521
3506
4066
6099
1048
5990
2250
3323
3035
3430
4325
4578
2385
4590
4684
9890
7618
5199
9648
8853
6035
8354
4154
6646
7493
7517
1372
8258
4022
5569
849
3358
913
8418
4762
492
4889
6654
3281
6755
36
2445
8598
6314
3195
3842
3831
6363
6079
6212
9590
569
3558
5641
838
3890
1801
1669
7254
6675
5632
1380
2993
1212
1564
650
9688
6861
758
7599
9669
3080
5814
5266
3954
8376
1318
7367
7785
2438
1662
5904
3369
504
7286
3571
6125
6541
6837
8364
2416
8388
1722
5325
9627
939
3918
7374
4671
7703
3499
7764
2379
5314
6788
1362
4567
6919
1908
4663
1919
9910
2390
6134
8227
8185
1005
7402
9308
5924
589
8943
2096
2295
9766
2097
5280
3292
7095
3444
8751
6412
3262
2608
339
3395
3316
733
9126
9749
5270
6432
757
6700
6146
1753
1354
4162
1192
9386
2545
7055
7945
4522
7835
3490
4869
6559
7966
5306
1611
4031
2259
1484
8213
4272
9952
1777
394
4951
465
2510
2522
2928
513
6650
2033
2184
4833
6129
8804
9224
8406
5181
5825
3635
4019
691
2235
8591
6926
5005
3303
5801
3298
4254
7956
3867
3426
9380
3005
9288
5743
8182
2526
7766
1951
1912
1625
4346
7699
5785
7723
2573
2001
4011
5497
6772
4784
7920
9608
5453
7364
7988
2571
8211
6335
5867
1543
6728
3244
8945
5353
547
301
2339
7807
2193
5131
8801
8206
266
8465
6162
6678
5088
6452
8154
8696
8096
9622
5416
1387
5240
7160
5944
4940
6520
9004
6378
7386
7120
3371
9733
8767
6827
1278
8469
4484
818
9036
4381
9387
9895
7990
5276
9026
3429
7573
7658
7955
8257
2965
9201
4779
1410
5293
9113
7072
5109
3150
686
8297
9541
605
3841
4313
1115
8031
1586
8106
6159
4588
9971
4812
1222
8888
1319
6566
1800
2938
3263
4250
3517
9341
1268
7492
5079
6301
7324
8753
1714
93
4318
9812
2468
3706
5952
4598
601
5616
6753
9949
6708
149
2720
8941
4816
9850
690
9280
8800
197
4695
141
8095
4725
5532
5432
5041
8806
7223
6767
6471
4917
5652
7549
2590
5219
8716
4141
6032
2092
4614
3613
3591
9844
6352
9550
6360
8338
6884
6748
6215
7132
4687
5820
7204
2467
5316
1292
3031
6739
8951
9376
9211
5024
9326
3070
8444
1027
9259
1242
2500
2513
2293
8111
6111
4339
7716
2323
9662
4324
2690
7475
1614
1933
8644
4411
1001
6910
6206
5563
507
2844
5926
454
8101
1819
2346
9815
7300
4341
3055
8521
5038
1453
6993
6469
7472
6015
4491
7590
8166
8274
568
5499
2434
8564
405
1493
7081
6277
8433
1677
3014
6988
2612
1346
6259
551
5168
9843
8885
5394
229
312
5550
4863
3834
3693
5630
7738
8045
2613
7376
6131
4918
2145
4599
9205
1987
8209
9787
2229
9083
8583
661
8620
3307
7838
9522
1682
1717
4570
2463
6305
7275
1838
1538
4355
3071
3060
4796
5863
5117
8025
2825
7605
5795
164
9236
320
8383
6499
552
8675
1782
4712
6860
6264
3280
846
4553
6925
6831
2955
7143
594
9997
2681
7372
8345
3812
4127
9866
9434
6327
2769
4175
2634
4868
9934
4390
3999
5463
7683
8627
2292
7606
239
1181
2822
2920
6414
878
8577
6240
6488
9474
2677
7211
2063
8051
3900
4216
4400
9466
7176
1628
2371
2488
4960
2902
9973
307
2930
3091
7968
3302
1376
9133
404
60
4290
4
37
2101
6812
9075
7089
5717
8913
1958
9217
1163
9156
1701
699
2043
5547
262
3645
7777
3512
8862
8273
542
5748
9044
3615
5526
7357
3972
7000
3757
9404
4391
6357
6901
9064
4977
4837
7031
9532
2306
7186
3098
8971
7705
9528
9410
6227
8167
3929
2661
7373
8386
808
6583
2818
5091
80
8351
9854
4902
6080
9800
4217
3597
3372
5441
7563
6867
1931
6899
6419
4804
2699
3827
4327
4210
7
7730
4153
9811
4188
9530
2561
6806
7900
4577
165
1972
6453
1355
1741
2311
8419
4421
5849
4007
1500
8090
617
3543
2777
2620
3083
873
6522
5108
8775
7780
2338
5582
5135
7499
5802
6852
6026
3526
7879
3419
4848
2779
3625
8044
8052
3970
1961
2421
2668
2120
6450
5984
8876
5021
1668
7307
2854
1631
5673
6201
1967
5078
2177
3856
5860
6573
5338
2289
3914
9527
1314
9208
6170
9307
9035
8426
6814
6174
1431
3193
8226
9020
7342
1019
2805
8658
5658
9102
9103
8773
4587
5295
5885
1572
8931
1489
1436
817
9951
3533
8357
2687
3448
8992
6058
1010
2363
438
9684
4987
1007
7060
9855
8981
441
4165
6380
208
5385
8329
796
335
1116
8999
692
3202
4094
38
5985
3851
6074
5062
5797
1179
5986
9785
8069
7786
7050
7587
7063
4430
2197
1300
4393
5148
6250
9790
4558
5617
2141
8035
1264
5895
995
1015
3130
145
3418
6511
9501
1881
9596
3531
2269
10
8524
9519
8701
280
4545
104
9832
1173
1649
4299
9618
9639
4888
1659
7457
40
8109
5780
8189
8269
6258
2747
5584
5997
8458
9436
2563
637
412
5458
6442
9612
1486
7241
8548
8651
9019
1011
7011
3817
7336
5161
1146
9562
5784
4841
1025
6473
3835
6977
5994
570
6680
7543
2611
5277
8358
5839
5390
8037
645
4513
3576
7726
8372
2393
6320
9816
5167
2676
3723
83
7962
1056
3388
4729
770
9485
557
8093
5702
5609
2702
2505
8065
1379
6636
2552
7056
4026
4319
4690
26
916
5610
8377
8520
5730
3660
4827
1515
2130
5682
4766
6547
9255
1293
481
1157
7408
9736
9609
1784
9664
4701
8116
9593
6645
9372
370
6075
5356
8267
6937
2380
3766
4798
6126
1684
4969
7069
4049
8939
5413
3072
5345
9885
7598
9660
4958
5942
1421
4730
9238
7202
9226
7836
178
7195
5372
3633
6584
1014
3542
5624
5964
8830
13
5940
6459
7761
1440
95
2541
6655
6994
3056
5706
8484
5680
3626
1763
2976
8038
3077
8581
8518
3116
7340
8400
6717
1723
8050
8994
4679
7113
7243
8610
8241
7582
2253
53
5448
8585
2695
5511
7282
4271
5401
4344
8749
388
3904
9242
3570
2019
179
7830
1106
6466
1312
4686
8140
5186
5443
2091
9650
9505
4219
5049
9332
9634
3509
8300
74
5601
1024
3683
7516
561
3484
1536
4652
8690
7196
2042
8363
5376
1975
8255
2736
9861
1893
5692
1430
8980
6387
9765
345
3883
1465
7985
638
3806
2423
5525
9269
7684
4489
9378
1562
9820
9702
5527
5437
832
9470
4797
4501
723
3868
2405
1629
1403
1423
6008
5625
9063
4700
4414
1044
57
751
9115
8719
5995
8483
8355
2233
308
2011
6835
9827
3377
1223
9752
6549
9013
4685
7432
4520
2975
3432
5337
3686
5623
3698
7630
3805
837
6163
3513
9258
7216
8647
5143
3184
2409
295
9989
3234
7015
4377
8641
8043
159
9732
2373
4753
874
7470
6273
6300
8835
2381
6413
3720
9759
6550
3854
3061
5577
9753
964
3456
5543
8010
5546
9343
3688
3182
9544
4626
5670
3925
1213
2093
8747
2395
1038
5718
6697
6597
6969
3864
9101
6188
5657
4602
5637
3657
3858
7498
6613
6492
9411
3709
7760
9447
2518
8709
16
9091
4450
9073
7776
9606
8368
8836
574
7149
7395
3151
2391
9042
711
4972
469
8293
6674
7330
3692
3606
9944
7414
7881
708
478
8347
2834
7366
7406
8762
5225
3413
4703
1108
6823
5101
9564
69
5268
4858
6907
4527
2085
400
4461
2217
3639
3934
2973
8843
68
190
4204
5389
5297
6094
2610
4241
252
7557
613
2701
1123
2599
293
3382
3631
1033
8165
8897
2659
6805
2704
4086
5227
5426
1088
8505
4693
994
1504
9582
9500
7819
6554
7222
1045
3629
3780
2350
9245
5400
5023
3696
9347
3160
787
3466
4304
2640
9591
5152
8724
1361
5848
9877
9620
427
858
7594
6389
2903
255
2977
560
6394
5273
1658
5155
8387
321
9162
6868
905
4477
8874
4705
7264
6911
7059
3891
6034
8091
2300
5098
2748
6291
5590
7327
1408
3311
2150
4371
3862
1311
7503
4196
1188
8963
3115
5074
9571
2176
1275
5255
1521
8314
248
4446
5288
9449
2512
7592
7555
7390
6648
2470
9469
7608
975
3443
3798
1817
891
9619
7869
5107
8342
4337
947
768
8460
1673
4857
9851
9683
9439
8713
2422
1370
8852
340
6781
4042
7580
6878
6602
2524
807
8100
155
5762
1171
8611
7849
5735
8289
4305
6754
510
9286
5564
5221
694
9499
7035
4448
5690
3981
8197
9980
2365
7808
4167
7918
4699
5715
7362
7303
4142
1118
268
564
4676
1067
7338
9563
1474
6435
6995
1119
4093
9246
7187
6707
2136
5311
8217
4549
4983
7065
4934
7940
6239
2183
917
1653
7352
2330
2260
7219
435
2577
7724
4356
120
5732
3582
7150
2213
7273
2352
2532
1302
2087
4623
9077
6564
6596
2017
3966
7389
2143
5889
1307
7094
5308
9412
7626
8985
1207
2675
8726
2457
3985
2709
115
1177
5911
791
8181
999
8191
4427
7897
1560
9856
3191
3087
1112
2711
7409
2669
896
1661
3276
3607
4420
7854
3991
3473
2437
4231
1433
3192
1862
2974
9283
8509
8033
8640
1634
1508
2781
4467
6521
3033
3121
790
2994
3953
6317
816
354
1882
6482
9769
4938
9946
9653
5466
4752
4230
762
5750
709
1499
7424
2696
955
6332
8822
2929
5809
4634
559
3097
5729
8404
6641
2632
4510
4382
8802
7030
7135
6152
8500
2845
6509
7201
8
4781
9346
1842
6557
1466
953
3874
631
6288
9423
4113
9905
8677
3065
3401
9954
3519
3514
4006
8778
5645
811
7904
9244
2629
1367
9161
9898
780
2426
2399
6020
2925
8673
1585
7860
6738
3560
6009
7930
6444
7473
5738
9644
8648
6892
4788
7728
1721
6231
5172
7215
7346
2722
827
5948
4557
1141
4440
363
1458
7691
1868
8811
2877
9610
9588
6661
1083
944
3214
1598
9674
109
1094
2334
445
1584
1479
5955
8700
7758
396
59
6652
1685
1790
1263
931
1646
1160
2889
2908
1187
9643
4437
4698
4415
2606
2362
9151
4447
9613
1
1966
9234
9955
7122
5916
3223
9049
7220
5216
2644
9324
2191
9543
7623
3968
5614
9703
9671
4836
4048
9222
6295
4227
7217
5529
4347
5633
6350
2740
9124
7486
5145
5826
800
1577
7696
6874
4866
5720
3410
9814
2246
9919
7690
9147
4664
5040
5905
5194
868
3920
5222
1702
5500
9568
7576
9936
956
407
9478
7671
9777
5207
3491
2156
2550
4322
3878
9780
9015
1274
5130
8545
7822
687
3067
739
4948
7497
5281
4681
4298
3471
5150
5672
678
9459
1031
8495
4582
736
11
3849
6283
2324
4452
4321
2535
4976
6024
9108
7976
6018
5346
2744
6487
7037
9165
6876
6028
233
8544
1530
2358
7649
3240
3860
473
4090
6740
8750
7740
9666
6219
176
3637
7953
6565
7975
4444
7375
1850
5371
4682
3682
8195
8921
4478
3983
1186
2997
4923
8340
3661
240
1378
2759
4245
1204
5127
2013
8316
2907
1512
5063
3997
5882
7289
4875
4202
6298
1029
2221
888
2968
1913
4547
3828
8940
5883
840
5618
8756
300
8321
2940
9920
9097
5245
1102
3486
6248
1324
7536
1196
7809
9578
5764
4133
3001
6524
3775
8085
6786
9400
1142
6425
3837
5261
423
2548
1844
9824
8279
9594
7596
9362
5639
6091
767
8472
9629
2172
4847
1516
6303
1335
279
8058
64
3630
4509
9353
6316
7721
5530
1580
6007
5412
7719
6757
9990
4600
4952
5265
5739
107
2203
2551
3287
9592
656
9155
3269
9323
6628
4361
3252
9381
6041
7371
2546
6220
6570
1895
9479
3166
529
7125
9093
2119
2560
6563
4404
5248
1111
5209
7743
4057
5367
8142
318
3468
6027
6155
7268
4654
8638
6972
6438
985
2268
5163
3510
8984
7038
3580
6341
7823
5599
5909
2533
760
509
3344
1534
812
6709
1447
9179
3162
6082
1555
2039
8532
4357
3453
3477
403
1563
8740
8036
7979
5999
1419
5322
4316
9390
1921
5544
7632
9979
1835
2996
2762
5298
3755
1251
2377
4033
852
9545
5813
9830
6871
3387
2400
1771
6795
6605
9250
4576
6179
5621
6049
5887
5085
541
3441
2891
5767
9958
8798
7678
2058
5594
9206
1903
2688
9725
9587
4672
2095
87
7712
2440
5299
2066
2670
9792
9154
3843
1808
695
1161
4924
5121
3247
2600
2956
8579
9472
7670
6990
9559
3881
3737
8179
5939
8170
7767
5105
4571
3619
7237
6555
7185
8457
7609
3540
7179
6955
8135
6464
2340
2275
2636
6523
6701
7290
1305
2040
4379
5864
3084
7876
8201
3049
706
548
9607
3203
9357
7092
8849
7459
7888
7851
8105
5025
9672
3224
6714
4881
8533
8671
2243
2693
1904
2328
6857
9817
6397
417
1561
897
2880
3643
3123
2786
8891
1993
7233
8174
3665
6393
1449
7474
6943
7068
4661
4186
6372
5218
3640
8925
9188
5851
9451
5874
3811
6033
8619
9022
6518
4182
2987
8049
1815
6672
5013
6826
6577
6331
2579
4618
6351
2794
5873
971
6047
5017
8200
4173
8525
4601
5180
5169
8702
6191
1006
9215
9988
5072
2047
2200
7105
5681
6882
43
7337
7138
3288
5583
8067
2384
3584
862
4912
5259
4209
5960
6415
7600
8653
8192
2386
8449
9071
9240
5581
7455
6038
9053
9018
7039
1509
3694
3066
6785
8595
5208
325
8965
4794
3952
5366
9738
9094
1664
5404
5042
2873
6388
1764
883
5979
4402
946
3652
6224
884
2564
2682
7066
9292
781
3179
7571
3325
6770
2992
7669
2643
5555
172
8042
7826
1675
6742
8678
3488
5787
6185
5006
3809
3260
5865
9134
6226
3960
516
2290
8669
7550
5224
7733
3814
6502
1377
5489
3500
4109
7659
3751
6830
2194
989
8277
3336
8125
4989
2898
9953
9336
7041
1506
3120
1333
9802
1735
8996
1470
5935
76
6991
9711
1443
6637
6358
2756
28
5853
2224
5421
3217
1632
4818
1016
9555
1553
869
5347
33
3504
9746
3529
1374
5733
2015
3770
4931
4203
114
2378
4585
9772
5761
8528
8684
8317
9351
4278
5953
703
204
7356
9647
9805
8430
30
131
3285
8168
7276
3206
1647
9481
8247
8875
5650
2963
6560
8995
8565
6253
3987
7458
6571
67
7403
7003
8263
5162
6440
3779
743
9414
6967
618
7816
5518
324
2196
9770
288
9338
8597
448
9598
5154
9263
2941
8307
9748
6254
4650
4981
3553
110
2637
8054
367
8068
