10000
5570
7963
2117
1707
6761
2058
3291
3123
4624
2874
1859
8525
2217
4990
8084
7043
3663
5507
8306
5457
9063
8897
2100
7391
2074
4765
295
8252
9301
3213
7849
7632
3415
87
5039
7419
3763
7929
644
5995
2615
774
1173
9658
3809
1668
3555
7251
4809
804
1384
9358
1301
5753
5653
3999
2093
8167
797
8526
530
3746
7739
2370
4052
9106
5921
8419
4658
5815
4240
7209
886
571
4906
2106
787
7620
461
6045
1751
732
6519
1433
3281
3321
9528
5333
4205
7250
9193
9717
5011
1982
9053
3021
2925
3749
343
8898
9992
3466
5730
8345
9376
8368
7039
3107
4779
3682
1662
7319
6864
7170
2439
3712
1829
5528
9522
4290
550
6581
9370
5433
8731
7148
5944
3057
3403
8824
7109
4817
8351
6627
9251
7129
9400
1622
3144
9940
3577
2409
9483
588
1146
558
2557
4574
1518
3066
7210
8840
2945
1979
5837
6980
4636
458
986
667
6985
9410
1326
7276
2104
2277
2654
5914
1912
86
7155
4717
2900
9104
3832
9650
8082
4598
8759
7975
4709
3896
2730
9740
2128
1731
3753
6935
6010
1792
6332
5683
5694
9365
5413
2599
2212
2717
4635
9050
9062
2602
8339
3909
702
1549
2635
2773
6193
6626
6414
116
4516
5981
5364
9127
1536
2653
2751
9390
6042
932
3826
5627
2218
1229
3820
3101
3420
2284
8030
9028
6972
9519
6348
565
5221
8619
9886
9211
5870
3185
112
7616
8255
401
3776
1787
754
5813
3803
2002
779
8268
5782
7568
9540
7928
408
9995
5123
1873
9644
4323
9904
7511
1831
939
2433
423
9911
2036
2115
3861
839
1783
7003
3636
833
2159
1575
7850
7101
7644
339
3632
1218
8126
1980
375
2255
5315
1235
278
5331
6005
3884
3917
8672
80
5464
4090
9535
9497
7186
9761
6840
1458
5178
8108
8665
3031
5472
8033
4206
6053
3050
9004
4408
8179
2692
7638
3462
6002
5588
8428
2884
693
3451
9558
194
3209
6911
5681
7721
2987
3071
5950
4915
6727
5557
3988
4492
8941
8377
6680
1909
6805
9448
6579
14
3127
3214
3738
3429
2373
4808
8733
6507
3935
2819
2085
2818
7589
2410
6676
8303
6788
8058
9524
6144
700
1724
8893
7745
118
9879
8848
2631
3586
6771
890
4722
9162
3327
3136
927
264
549
8981
8385
7139
5841
6313
1284
8656
8735
8228
3471
3991
8157
9614
6016
9061
5808
82
7657
29
5
2039
6550
4956
1447
1764
6997
885
8225
8290
1498
5278
567
4137
7996
1149
9758
2237
1528
6923
2805
8927
7143
2467
783
6772
5297
3772
9875
7200
9105
4957
1064
8997
345
9437
9399
9001
3409
2418
9783
7717
3550
6790
3742
5556
1605
7999
4561
211
5065
4377
5316
433
9716
8359
2909
8761
7529
6258
2236
4248
6566
8905
4518
5215
2830
5612
7697
5673
8391
3494
4403
7508
4627
5630
5380
9417
7067
8295
8741
7946
5745
4794
4266
625
4543
6158
3787
2611
5089
6259
6868
73
5948
6532
3041
6275
5400
5408
109
3011
1283
6435
7268
9623
491
6600
9071
1854
1407
9814
6037
9312
3124
3614
8916
6963
4384
4891
7122
8627
2748
1476
8691
803
1349
3557
2177
85
8695
737
5638
2053
6321
6631
1843
2969
7311
6044
6200
9965
2491
1213
6421
7802
3870
8204
3088
6968
1693
675
3570
1219
2732
9496
2606
2831
3794
2120
416
7373
2936
7778
7852
7456
5340
9212
2995
7481
1678
1865
3993
3812
5692
7742
5498
8756
8689
2430
8631
110
8364
6337
2867
5224
3316
5020
6453
9559
9220
174
4497
7741
7009
6927
3419
7449
8687
9754
5026
9054
7485
5636
9607
8779
5370
8438
9853
1752
4665
8149
7476
9526
2238
3736
9681
2896
1564
2765
3126
170
6708
8484
5562
9980
5235
9546
4912
5155
4057
7823
1686
5093
5567
3345
7602
1890
5801
9730
4365
3405
3925
4754
8320
9542
8768
955
9869
4113
358
7182
7793
4414
6160
5509
6613
4825
4405
9625
7729
7910
6223
3122
6222
5773
3297
5395
5724
4283
464
2466
1582
5465
1725
2179
4081
5595
9350
6487
1353
7394
6238
9914
5725
4468
102
7190
5027
8620
1604
6689
3697
6370
838
2382
9507
7777
8571
4647
7702
7600
3717
1819
3150
7976
3582
5501
8891
9282
4927
8714
2233
9510
9247
6830
5579
1687
581
7888
7922
2873
8123
6116
9069
8362
6656
557
874
4933
9606
1911
1715
8403
6528
602
225
4926
3253
4109
1894
4764
5341
1216
1329
8847
4479
3505
5462
2780
8827
1944
1669
6705
101
2497
7689
3627
1591
5571
6146
4975
3404
1032
663
859
8227
7819
3199
7797
2143
3647
8483
6824
7165
9255
9068
3108
9819
2354
1809
897
5785
4010
5191
3847
6237
7640
9302
9362
1082
9882
417
1051
1272
3930
8973
2063
583
9076
1002
5566
3273
3087
9829
9552
9245
3347
8497
5227
6605
4013
8852
728
8708
38
6485
687
4625
6877
1191
3368
544
2589
1617
671
5962
3017
4981
2778
2239
3968
8163
4180
1317
546
1316
8170
1767
7516
183
9680
2785
8818
7451
6794
8352
801
4686
1548
9985
4752
2494
8125
2252
8475
2714
163
923
745
871
9174
6506
7945
6287
8528
2850
1292
1593
2125
1847
3491
6101
1888
1393
4556
4515
133
1950
5547
9142
6914
8065
2454
8907
1027
6264
3344
7425
4214
8269
7321
575
3468
9187
2708
8066
7837
9401
2187
4239
9938
8510
254
3650
7270
6452
9421
2880
7243
4244
697
9284
4771
7079
6694
7059
2564
4480
4250
7013
8370
4238
8671
6353
4689
4437
5539
7413
2413
4720
3600
5298
6143
4766
5189
8737
4183
4021
8581
9676
3871
30
9140
3114
3188
7389
3482
9269
7585
7506
3342
4573
8486
239
8409
952
2774
3938
7990
8495
6623
948
219
8168
7825
8192
6745
2878
4115
3064
7733
5740
9195
2208
3488
235
3152
250
3270
2733
6050
9046
9016
8556
3418
5633
8896
2647
8926
1555
5987
6618
3460
7131
9303
1116
5742
972
9134
6692
9087
5708
8238
6992
7566
566
7662
4835
2480
8702
4051
6213
6068
5897
6400
5851
479
8145
2513
3887
1
8913
8548
9655
8829
7597
8315
7300
7704
5431
1815
903
7779
9192
3710
3620
7725
9199
1713
1300
4069
8277
1845
4615
6403
3657
3578
3408
6347
2781
6364
2213
3394
7460
8250
6084
2783
318
2332
7577
9549
782
647
3289
5187
8213
6260
8454
3093
6404
8233
3517
1282
1181
3143
8387
5357
1632
7619
1011
2266
2839
5192
8103
7716
8618
9396
6871
463
1234
8892
434
5572
9045
5511
6565
6884
5330
2779
9806
6679
1864
1974
8587
5611
9872
2912
3725
8054
1997
7033
419
7663
9663
8400
9677
5467
3985
1641
1877
4711
5232
9687
4197
2421
9586
380
7492
2885
3773
9495
2848
9930
964
3750
8867
3810
475
8366
8055
447
7709
6151
1071
8022
2585
6104
8048
2639
6246
1853
2569
1254
1387
8164
2815
497
4435
7018
7781
5491
4928
2890
1460
8102
919
2687
7675
5432
6604
1449
9121
1074
7504
9353
9776
1703
999
182
4372
2744
1175
1574
4951
4612
3571
5429
7236
6161
344
7532
7677
9029
7859
9058
1344
2961
8203
6033
476
2762
9888
4734
7605
202
9653
2189
1590
2941
449
2105
9822
2316
7839
7865
4845
9114
4454
2007
1094
6878
8745
7843
8276
3356
9777
5624
5317
5313
2264
654
977
4025
4270
3715
2228
5515
81
7263
1601
731
7414
9884
3852
8272
8651
7900
7801
8524
2920
6467
3252
2786
3987
1696
6800
3974
5977
1302
1685
9581
206
8347
7913
9506
2407
9998
6074
2276
7281
3783
5503
9642
5105
2986
7836
8661
3044
6642
9899
9743
1330
9852
4439
8858
216
7658
4060
7443
257
1992
1834
2087
2573
8903
5151
9321
5731
7112
4131
4945
6186
7078
2865
9841
6241
1474
499
4504
7935
496
3841
5108
1333
6965
815
4890
7289
9873
3789
7517
4151
4011
2948
1020
1012
4209
6409
8713
36
4739
648
6974
4124
6273
781
4350
7846
9696
598
7840
7060
1689
2052
1621
5589
1910
6471
4383
7214
2327
858
9638
5078
7713
681
8943
7773
1939
6356
7025
1589
7220
1609
8934
5393
1320
1434
6392
8452
898
6807
9328
3433
4310
6894
7160
9425
9205
6505
7614
2526
2335
120
7626
1174
5314
3290
4526
5176
7727
5943
655
9757
8002
994
6825
7011
1646
9413
5114
5319
4226
3221
6148
5019
6743
2690
1840
2118
1067
5246
2918
7978
8820
8221
8851
2532
8196
5320
2470
2301
1527
8638
9196
2990
2643
2389
1961
3908
5347
6064
5505
3244
3984
99
6978
6843
6859
2269
371
1440
7687
138
4302
8914
3371
2504
6734
6469
5727
6425
7953
7639
5469
2008
2145
4272
7966
4691
5416
5152
6164
5473
4940
2713
2841
9556
8752
1025
2495
46
160
8908
2368
3656
6341
3215
4042
9385
6150
9179
8642
4692
4075
7477
7426
8686
3914
414
5946
1231
5351
3790
877
3894
9567
5812
7645
201
2310
1880
5324
9893
7615
4750
9498
4481
7810
1712
8536
1335
8662
3381
6977
661
2527
4855
7503
623
9561
1892
6971
8069
4128
71
7573
9656
5012
4440
7703
2483
8476
790
1680
7923
8856
1882
6553
283
4955
8505
5891
5419
6665
3282
1782
2934
4874
3207
7901
9051
2260
8016
2616
636
1565
5458
1395
2258
1186
9618
7881
2975
3881
6672
7575
2018
360
1251
7636
6210
5922
215
4954
9159
4192
7862
7374
882
9951
292
8074
9789
8760
2705
1061
9377
1515
5118
6596
26
8439
4655
9728
7433
1750
960
5463
7486
9890
2749
9419
5025
1759
5887
1372
347
213
5309
2833
6009
7438
8660
8386
9395
633
4322
5404
3964
6131
2776
7766
5405
9764
1869
6387
8025
387
3806
5239
5928
883
2801
951
2160
1921
8354
9691
8270
8879
1361
9775
5864
2464
8202
5167
4614
1883
9739
3140
1977
1938
5957
3713
2553
3006
1844
2035
5915
2702
4234
7334
5203
390
4284
6648
8299
6940
1546
6525
3720
4232
309
2152
2707
8194
2953
9344
3330
4659
5342
3194
2823
7212
5117
5499
2775
2487
8195
4759
8511
6869
6333
1298
5310
1879
574
672
7427
7671
9261
800
3816
2930
8742
2593
9937
7641
388
9788
8404
3610
6673
5406
6389
606
9444
3768
285
5641
1676
1514
7368
4092
4460
9635
6891
1031
1123
2173
4920
1602
2825
7876
3034
3422
3986
9415
6460
9592
1850
8305
3895
443
925
9815
1640
2552
6718
9772
6172
2607
119
9990
4872
4707
1221
4111
3038
9109
32
2282
9170
9429
5951
4776
6463
6797
103
7750
5318
7487
2716
7119
826
2124
7382
2929
5592
3934
7123
8928
9178
2315
6893
460
4996
1345
3778
6218
8166
5185
6654
9628
2633
2475
2273
8583
4795
3402
6854
9456
2306
1177
828
796
3074
6530
4677
7338
4448
6571
6304
2958
6230
6697
2703
2642
7166
8262
9323
4367
8187
4458
9188
184
5079
3181
2725
8154
3475
5965
2164
47
5233
9324
7206
6374
5084
1732
1402
6480
7048
1381
8853
5810
4254
5879
7284
1708
1796
3361
8803
4262
3314
5286
9630
3939
8814
9391
4471
6538
7905
1340
3387
8198
8101
7817
5527
8766
3949
4900
5398
1179
437
713
1470
5894
7548
4086
6458
2215
6014
4807
769
263
3540
6346
4710
212
9836
6257
9735
6214
4255
5293
993
8972
3439
830
2519
9991
7932
5648
6179
1124
3497
6924
5661
3341
3414
4345
2605
8823
1672
6767
5735
8072
1077
8688
8394
6952
5956
7239
4886
4418
440
1047
4050
3384
1224
197
4122
2094
3295
3355
7851
7446
1653
5098
2889
729
1112
9143
5033
8595
4546
7694
6616
6464
8153
6632
5476
4857
7386
5106
669
4756
976
7047
8929
1986
3241
1178
159
294
5273
1895
483
9545
1990
1852
4888
246
5329
3283
8921
1419
3786
9357
931
3470
5978
9720
8521
5301
5006
1046
2123
3388
6250
4427
9182
2600
2216
3278
4305
2922
1242
1788
757
3879
5746
9234
2869
8220
7651
2298
7871
7700
3518
9101
9259
6607
3924
1306
7495
7550
2906
6964
1406
17
6567
9703
3272
2518
3023
9478
8546
9856
8151
4828
3030
7187
1516
9229
6540
5756
6671
2096
2392
4136
2149
319
3978
7921
608
7346
8273
9167
2546
6872
1167
9309
6916
9422
5577
1486
8738
153
9984
4528
1005
1119
4540
6677
6508
4326
2782
92
2224
5530
3874
2976
1665
2178
8744
6187
2901
6858
9241
1261
6103
4562
6268
4185
9885
2931
6752
8464
2724
9850
5285
329
6152
6866
1036
676
4953
233
1962
2142
590
8049
4529
4513
1416
4678
3163
8005
189
8062
2459
6362
9465
6447
2580
1438
4366
8690
6017
532
9613
2221
7471
7356
1295
8116
3083
9583
1171
7341
8501
820
4487
76
4158
4611
6583
7303
6411
7896
6075
8381
9219
5302
5487
6520
4919
7867
379
9023
8707
7796
3019
1271
162
752
3029
1585
5263
2903
8899
9152
4169
6633
594
5497
8668
5136
6948
9959
2131
7201
8812
7630
9354
2566
930
5953
4171
3133
8169
9910
3761
7174
2721
445
3624
3912
9683
2548
8798
8942
9534
1920
9295
6755
4537
9297
9021
5177
8939
1072
9918
5896
6255
6196
4061
3500
4207
9163
3902
9161
5383
7370
9145
7625
3906
9864
8579
7113
3421
4880
9248
3100
9570
3162
2613
2419
2735
9279
2398
6789
3729
1874
996
5525
7274
758
4459
33
4352
3463
493
5361
6614
922
7653
40
8945
1833
68
8098
511
9347
1161
9826
3442
2207
5174
3995
1933
4806
3435
3331
471
7806
1505
7320
4030
8539
4241
346
1066
8324
2065
3042
9589
6450
2938
1125
2108
8693
7423
4478
3873
6856
3113
8959
1299
1941
8127
2371
5067
7708
4732
2559
3130
2871
9579
9956
5270
2061
8414
452
8648
7535
7707
6536
1445
6079
3652
9499
7133
7140
7372
5004
7416
3184
3793
5848
8529
5485
7027
524
315
6433
7465
2800
810
9714
9099
8206
9449
4524
1432
7791
6181
6765
9320
7994
7938
9330
5582
891
4220
8094
1485
3437
3239
2416
1691
9511
6459
5056
2832
9351
8216
6383
4885
7230
4669
7275
1559
9686
547
5115
5669
1226
6687
2596
1024
6220
1354
5390
3472
9285
6578
842
3681
7958
1183
1385
6901
7596
8326
9222
9713
5210
5778
9678
2098
5796
4600
8944
6001
8284
6773
878
3825
6417
8064
3685
5455
3780
9267
5838
4642
2908
9881
3118
4141
3274
8518
5710
9611
7681
7642
7111
944
2250
3311
9781
5786
130
472
2803
3317
5504
6748
9588
5358
6317
6663
5306
5107
4253
7993
5082
6563
6443
7832
2083
722
9026
3950
5996
5882
4324
7096
6368
8494
3732
7100
1540
3689
3702
1849
2267
1943
3286
1578
2391
2037
7892
2339
8405
3771
4860
4249
4181
236
7435
8917
8114
5632
351
58
4103
6803
1867
1085
273
4079
5908
2229
1677
5531
265
8032
533
4098
5739
1597
6998
3981
3584
750
9243
7738
1826
6655
9232
1681
1925
7316
659
4832
1842
5291
9331
8987
9939
1350
6799
1777
2311
6340
1642
8674
8371
5305
4897
148
1583
3678
5137
7463
5091
8231
9615
5937
8569
8378
8245
9153
415
7436
1525
1045
9402
6060
8983
9802
3432
836
7531
9741
8350
8093
49
4351
7555
2849
8068
2709
2603
6456
3766
4063
6902
9685
2365
367
1244
2691
1241
4963
5139
1451
7794
3190
5774
3931
7237
6221
8590
9225
9451
9860
9111
1106
8241
1388
8185
4308
5651
8070
966
9839
9253
1929
4200
9913
3363
2086
3320
8026
6121
4279
9266
1443
8645
4417
2225
6777
4514
8200
9313
312
5231
2996
2820
9981
1160
141
2745
6030
256
5445
5546
5761
1639
1318
5054
5000
7553
3807
1987
7679
2162
5241
1250
165
536
5133
3479
4469
5150
4038
3770
4288
4616
9603
1917
1533
8234
5447
5586
8532
2320
7077
9329
1793
4163
954
7826
8360
3960
2462
8482
136
4300
8392
2913
8739
9571
2501
5219
2198
6177
6804
4667
6163
4947
3708
6726
405
2587
3891
6786
3546
37
8018
4510
1087
8964
9876
7099
42
983
2163
1511
7223
7313
5148
1189
705
2670
8344
5147
4315
2166
8021
7176
6819
1970
8817
6345
4443
4797
4319
8563
4142
9013
8444
3187
2072
4566
6461
6741
6003
747
1775
3503
6279
1239
4064
4846
3692
981
7972
1021
8389
381
8474
7369
848
8925
5119
3448
5880
509
9375
5610
1263
5175
2547
3362
7824
9500
8507
3256
7424
8304
7452
5128
517
2521
8545
1923
4020
9704
5145
3217
4967
920
2746
205
9587
1321
15
1573
8589
8467
4749
510
6167
5538
1376
6533
355
873
4893
4139
6922
1813
1044
5637
3480
9813
7288
5244
2843
7735
3300
304
5868
2319
7753
2080
690
5985
4422
5234
7365
1378
1534
3424
2355
7081
9042
6394
4012
2046
5861
6798
3218
7228
7868
1062
8961
9210
2808
9173
8398
6517
726
5906
7360
9840
540
8912
400
9486
3094
4969
4844
3604
6683
2167
9082
9629
9334
865
5237
8872
6701
8607
1772
6085
6041
1663
1134
677
5970
2809
9645
8743
7869
1824
3104
978
7293
4958
8544
3994
5709
6126
7590
1104
7886
5806
2445
9797
6634
3069
7668
5135
4447
7337
7761
8316
7266
8124
4775
9242
9734
1456
7764
5905
3226
2907
8682
9115
9557
4215
6946
9622
2137
1368
4685
1172
2220
2971
8880
1069
7218
1279
1699
6330
2618
4814
5863
3294
1030
4099
3205
8155
281
2652
6388
2265
8147
7683
1661
4650
2305
4960
1102
1137
7361
8994
6057
8797
3815
7468
7505
9715
5132
1484
860
5257
9593
4501
7260
8411
7330
743
227
3436
7623
2386
8815
3260
5741
3056
8575
772
2950
7629
2478
631
8728
4939
2150
8415
9397
9917
9752
4219
8496
3593
7383
4680
1117
107
9146
2679
6706
2845
9943
8970
9371
2034
1347
3777
6678
484
114
945
3607
253
5955
2379
8719
9424
7258
5614
5884
3054
2628
7649
8519
4591
8342
855
5817
8014
8330
4937
3918
5645
6028
4369
8894
4892
2333
2153
8870
4397
331
2855
6424
8679
9874
9509
6020
7075
3332
846
1644
6721
3061
9684
4910
6991
3359
1086
3989
6289
4228
1741
9280
9098
5336
3047
2420
4931
518
7474
2436
4438
1059
255
9517
2003
8423
5518
1952
5949
7710
7074
8460
9443
2406
7295
8572
1560
2376
1426
7466
6511
6197
2897
7785
8028
5042
2175
9000
7940
9727
3565
5524
776
6588
8462
6399
520
8456
3507
3200
5088
4269
5104
3522
3395
3483
5695
261
8788
5523
6725
3813
1618
1654
5929
555
1760
7469
2764
1107
3208
8623
5144
7498
2623
3927
9672
3828
7031
3224
9695
1531
9621
3257
9290
7377
6132
2844
6949
1038
8235
7448
7037
5436
764
7624
514
3377
8372
8550
823
3383
1855
7000
167
1779
7411
1651
6848
1896
385
1401
2739
9699
8809
2711
3684
4792
4864
6780
3822
8060
4668
9750
8465
5714
8951
1757
6135
7838
9230
6863
2659
8337
4748
2531
3911
5520
3864
9560
8136
6594
3509
3058
831
2191
6995
1148
7362
4502
8995
9151
5449
5275
4706
4264
6651
4382
7598
714
5334
3764
8323
2211
4123
8555
1092
8740
1000
5245
5236
715
6873
6455
9934
9441
4626
7906
2146
5564
3307
6227
7899
863
8437
1127
7410
4812
9361
1422
3431
9979
3558
3932
1905
7052
2704
7536
9113
5871
3863
680
905
2304
7609
4149
2951
3799
3576
6832
5046
3478
2838
7405
6142
9907
3785
8165
7768
9223
6703
7194
5899
5121
7063
7484
2591
4059
3568
4974
3105
2579
2634
7056
3098
1492
4381
8451
10
5659
166
7654
4948
8436
6615
1496
2397
2299
3941
2019
610
8673
2235
8247
3216
2822
8875
8793
8863
6261
4859
9431
399
9378
7830
2939
7530
7951
4704
121
8110
2147
115
3990
2021
9406
3983
8678
5587
7925
9955
1667
5968
5874
3973
1786
4631
7434
5779
1523
6295
8390
7510
2594
4628
2374
2245
177
3309
154
1472
5889
6881
9481
9942
4836
2082
3634
6684
9572
7247
9804
4201
4666
2405
1832
6352
3171
5500
3969
4018
1408
2180
3284
2071
613
6617
791
3233
9636
6876
8599
5769
3639
8924
333
2477
4028
3869
2942
5707
2256
1756
1499
2199
2042
2826
3303
7008
1114
9480
6495
6390
2287
4512
9337
8876
7259
6649
6541
5335
6564
7480
150
8775
1237
6378
6310
4558
1463
6959
7752
1369
7245
2055
1616
2899
2231
3238
7674
7418
4332
9501
7290
4694
5804
1684
6850
2673
2787
2076
4589
4882
6746
7134
7415
6436
4978
668
7569
4934
9946
1454
7669
8985
5453
5902
2919
5211
147
9550
9474
9348
3596
7350
1817
3802
1495
7491
5573
1015
7232
6570
3201
7144
7219
7856
7595
4375
834
6022
1837
9667
9551
5032
4456
6822
5081
9135
1034
2394
2821
4389
6524
6637
6999
5818
59
4465
7064
9513
4360
4041
4416
7105
6760
6288
9529
8933
9489
4378
3581
3551
1430
6449
5703
3683
7844
1058
3063
4027
8219
9202
8413
1683
8431
5423
8027
128
3142
2281
9766
2872
4425
5960
3590
5255
2663
3929
1802
3370
909
8261
2875
7395
1367
1860
7
6182
3043
9725
7380
5931
9492
9689
1322
1975
5895
4586
4182
7770
7601
6742
6625
1311
338
7016
2444
3903
6908
6575
6778
6809
1872
7672
9824
7756
6145
5599
7907
2560
8310
1881
9502
6849
1207
6842
3527
9036
6989
7744
175
1194
1571
624
6384
7053
8013
1799
5217
2223
4477
5892
3198
172
9283
9594
8772
6709
1264
1753
8478
4222
2059
9446
4495
5646
9987
7479
7157
2014
9403
4944
6717
2249
5377
7044
3920
7004
5649
5748
1276
1455
142
1500
9654
2136
2917
1630
8128
8828
171
5585
6363
2011
5194
7325
4177
3843
7034
4856
2614
7089
2968
7666
664
5545
5992
2638
9256
4125
8582
348
9744
5466
7983
5516
1606
587
442
2676
5552
3853
9767
4987
3899
8585
1308
2496
6263
8606
7432
8520
3643
7041
2362
6628
7301
3164
9434
8770
313
1720
8380
1471
7447
131
3189
8604
4679
4144
8325
1592
3567
100
9825
3680
3661
2636
773
9999
4193
8866
8748
6415
4376
6913
9445
4341
8477
5402
9289
5295
6707
5417
4106
1999
7500
1967
6515
5035
5138
3926
9463
9194
3397
5918
1222
8795
7540
6208
5551
8296
6846
6382
6486
3267
7403
1976
3765
2399
5722
2450
9359
1509
8217
2685
8930
7173
2535
2715
8349
5374
2665
7815
51
210
5036
6851
765
5827
6277
5492
9944
7746
6405
5428
6294
1966
6820
282
9491
7261
2863
3575
5073
8699
2957
8333
1539
3959
4325
3671
6099
6274
7591
6791
6643
3798
9983
7547
2719
1098
5788
9749
5549
8758
8212
7400
4770
125
9468
7381
3338
2681
973
7169
9651
6147
2540
9435
7749
5952
6733
6036
9989
5604
5535
880
1960
6509
6335
8182
4930
8749
2789
284
7902
6610
8499
8901
5414
8335
2363
5281
322
4236
888
1205
3743
4387
9671
7594
8420
5814
2525
2904
7161
9175
4571
1968
6887
377
7527
2463
7363
6319
9183
1413
7937
376
1846
5760
9360
809
3305
8197
4105
1343
8160
2369
349
6491
2350
4044
7652
5198
651
7554
1266
5087
3706
2737
9177
4572
3947
816
1706
5003
4143
2759
9020
7353
5935
7835
4373
1946
7909
2001
3075
1567
8099
4605
7581
4140
8357
297
2022
8732
6547
5200
1625
7617
325
7612
867
2689
6737
4431
9307
1258
1195
9970
5795
1704
3648
4233
3337
4850
8080
5049
93
8079
2629
4488
4607
2274
4959
262
1249
1324
5765
6219
4493
7488
9657
9706
9957
1897
4146
7246
5116
9024
266
1545
5034
4741
6130
7622
1040
4393
8031
4080
1255
5961
4297
2453
5688
3456
6735
5407
2999
9919
8375
7224
2796
7058
6595
8838
7076
4112
7184
7287
4457
5441
2004
2943
9521
3839
1839
3049
4730
958
9150
827
8298
6205
5560
8001
9356
2437
3358
247
7007
3407
1429
1464
766
428
2426
620
3481
3378
1816
1579
4793
7439
6
9103
7665
242
4983
3396
9438
7198
3157
8593
3616
2962
753
4552
4761
4781
113
3296
8658
5493
268
7399
2515
340
9231
9450
3838
525
9084
6061
5757
8936
8502
4609
8900
4579
9369
6301
9367
4198
4046
8783
1674
635
7519
5793
8363
2325
2168
3350
7153
6554
2624
2769
5059
6976
3121
5866
3459
9805
4039
9033
7441
4550
928
5312
1130
8288
5068
4545
9867
8023
2792
6303
3132
2185
4613
5348
7014
3120
6758
4936
3730
7559
6988
6816
508
1305
8369
6019
6139
618
8201
9868
3036
9030
8836
6133
8256
9564
2092
5131
992
2206
307
5126
941
5744
2460
8090
6926
4212
4590
4688
9577
9544
2543
7029
8886
8796
4681
487
6592
5038
1655
5752
9218
8711
9624
2090
3998
9226
9037
1551
7358
1093
2790
5427
5384
5024
1052
4072
8763
3658
1550
9238
5792
5459
7002
8239
7032
9380
9800
1004
1468
8008
326
2000
3000
3792
259
5378
5676
593
2434
685
6722
67
7941
1188
7083
8367
1200
2248
1885
9488
337
1319
8408
3079
7927
8258
8089
2877
9060
8480
2047
3385
7226
4899
3461
6324
6225
214
6373
929
5729
8399
2110
818
4641
9796
6276
8019
6231
7795
8209
3954
6847
5697
4563
5878
3265
933
7732
6316
6377
5723
2680
7980
4119
9412
7891
4823
963
9154
5180
8843
1552
8491
2359
2588
5438
3800
8622
8553
8890
979
5521
8243
3323
6768
767
1411
446
4029
1916
1954
7283
3808
7960
3739
9300
7950
5903
6699
6728
8709
8485
946
4829
2259
8461
5685
5154
4698
6266
9487
7088
4883
5976
3703
5689
3192
3760
8412
850
8244
7417
2985
4223
2279
6100
4637
8374
4986
3484
9670
3090
1427
615
370
9525
1153
3737
7349
3263
5337
2664
9181
4164
6344
3410
3980
3001
9751
7404
7470
513
9652
8282
3230
4485
9457
7071
4227
3662
1089
1798
412
1128
3831
9428
6011
7760
2935
1423
3716
4135
9086
2113
6639
4482
3134
4966
3744
1695
3349
3529
604
8547
9206
6711
2905
5819
4410
4451
8388
9830
3005
621
6608
3228
935
9326
9332
444
61
395
8991
853
3524
9306
1794
5768
7834
4788
4726
3674
3048
6253
302
2027
3513
9466
6280
7887
3008
1391
2111
5832
4157
6483
5149
8353
2241
2895
5677
9291
642
6127
2069
8603
6870
562
1176
426
4246
4578
5576
2040
3759
6657
8904
9769
5998
8684
6622
1147
4102
5488
656
9224
7863
3229
2485
7305
2528
6650
9947
8567
9387
900
5218
9139
8800
6907
6055
143
431
8586
6077
8611
9314
4559
2550
9787
8971
498
9969
5617
5635
9112
88
5690
6232
2446
730
6781
7656
1357
6096
6556
9609
456
6759
3698
2205
4242
9237
470
5783
2858
5242
7496
9214
7754
3141
5283
6365
5201
9827
9389
5959
5134
736
7731
4126
5071
8551
1196
3292
2116
8130
9698
8279
2992
1556
6921
3693
5456
8044
8564
8287
8730
2983
9148
5667
5548
3059
228
7943
8540
4153
9554
7494
5161
9941
4742
8988
8348
2012
1858
2489
5216
1152
3486
9003
220
7211
8515
1563
3025
4747
2556
5010
2321
5934
5846
3888
3547
2130
4799
2646
4277
4314
8541
9213
4964
4789
2097
8978
1638
4019
450
4088
1155
3561
8317
9257
1042
4353
4787
8207
6350
1876
6312
2870
3532
8379
1113
9392
9025
4071
4186
52
9180
1736
5597
5833
8963
6249
3751
2802
4822
3867
1543
5540
5110
1825
6202
8877
2343
1666
4531
3665
1569
4247
9393
7967
4184
2408
8534
5616
2955
950
866
1570
760
1035
3
8639
1776
3501
3319
8895
6235
3502
5247
7821
1558
1755
1248
4467
8135
9461
2302
5143
746
5609
1466
6667
4094
2424
8998
584
226
5001
1953
4470
7279
2
1328
4009
5925
2740
435
5542
1091
1631
8562
4256
4371
9349
5062
7357
1246
7608
9612
870
9372
8605
5379
2448
8706
9184
7853
5967
2029
3400
7875
603
8986
2505
8417
3453
1314
9778
5715
6754
1465
589
8643
18
4161
3952
8283
4644
2222
3905
3668
8396
19
9341
4329
238
1576
1747
7603
4380
5784
852
9898
4950
1233
8785
7178
6408
9433
5900
1334
1307
6818
192
1105
4174
7613
7562
7104
4055
8780
4821
7030
5772
3898
1287
6451
5346
3084
6967
4130
934
6339
9746
1614
548
2940
3324
8574
1290
3375
6496
6987
3622
8096
6723
845
8938
6119
4606
1600
3417
3261
4474
5249
2914
2366
9043
3080
3312
5574
6168
7878
6278
4909
9394
3062
4306
6984
5811
3310
7973
4210
6895
6915
5575
3868
7066
4992
9905
2262
2956
1537
9276
7364
2741
8384
6865
6025
5809
4344
6203
5308
4617
7269
1497
3585
7409
5048
3293
8850
7156
9536
8781
5399
9044
8138
8481
586
6526
1650
9846
7720
8655
8402
720
7775
9710
719
7757
2054
7040
6576
7422
4623
1214
7110
9782
2570
5260
6472
3186
2132
8724
8012
396
8222
9130
8750
8533
7010
1043
4218
1645
7378
2141
1937
272
559
3982
4608
8517
3077
5684
7238
8302
4989
5050
4736
4491
5142
146
2403
2522
2032
9770
5127
709
5558
9368
5553
8331
6069
2193
5304
7828
53
6149
1054
4190
9610
2772
6529
6395
6385
762
9136
699
3264
6361
8804
5831
2283
1090
4811
6176
1901
2524
6808
6307
5821
466
9674
3885
5581
7073
2682
1257
3745
9095
4291
4449
8188
1452
4472
3102
4208
5207
3520
879
6354
4805
8077
8932
8543
8542
1664
2666
799
8527
7822
6407
8340
477
947
3542
3829
5875
7267
6008
2575
9472
8953
8355
7611
410
9383
6750
2747
5845
4203
5287
1649
427
7408
9996
4534
2911
4148
8251
386
5080
1610
7989
9067
2829
7326
949
8263
9768
6431
2503
7751
4394
1904
6630
9585
3004
2251
2051
6527
7023
2959
4257
4675
5424
2174
9601
6685
6141
4662
8657
372
1749
7107
8984
4542
7798
4576
937
2351
4738
9975
2506
6619
5675
5243
5750
4653
6955
6427
9668
9784
6837
507
4965
5159
4941
6342
7959
5223
6636
4095
7805
1577
3390
3709
5789
6713
3112
7893
2712
9935
785
1862
6110
9494
2438
9527
6852
4188
4316
2837
156
2171
5800
9863
9966
8650
8009
8716
5338
814
6534
1099
8975
793
3464
7755
9633
7673
5190
2655
6710
6909
8958
3223
5262
733
2318
1197
3178
4258
8210
5743
7162
5157
1851
5484
1356
789
1006
5816
9923
6577
7974
3747
2356
9936
4100
2963
9264
2621
1714
3179
5854
3961
9271
4032
8139
9141
1479
6836
4073
5717
4618
6043
7241
3287
956
480
6653
9949
5410
9405
2700
5066
5388
4887
5099
8637
6372
8597
2734
3073
2257
6829
2013
5990
3155
1028
6216
4452
9795
1398
9318
3339
6889
9925
1694
990
6052
6942
9080
7541
3544
9260
9986
4735
5704
1620
6026
5386
5963
1442
627
5101
1145
4245
2817
9641
4346
8869
9208
1887
7763
9953
2842
8621
2296
9165
6499
5593
78
2529
5991
8358
3595
7291
6691
1491
397
1475
6624
6795
2447
7384
240
6938
658
3352
3937
5642
5830
1902
8300
5945
9933
9599
9908
7944
3805
89
3880
6956
8799
8503
2401
5867
9215
3313
3173
8286
5598
2767
4173
9896
2699
3308
4023
2637
7841
9439
3549
9675
4871
1392
3936
3076
7493
1081
4442
3306
3525
8493
4830
2024
9694
984
7898
6548
857
1868
308
6156
5728
356
432
7229
6574
2280
4363
1871
6975
7936
5652
9859
5188
488
7528
4594
5013
9726
7915
4917
1156
8801
523
2898
3180
7804
899
9128
7137
7147
3769
1208
4334
6944
1542
3858
8549
3250
3784
2816
1595
1781
2799
1613
4068
6334
570
8751
1083
5284
9055
1080
3204
6831
5533
5158
129
670
6320
6597
3393
2828
4006
1457
8632
20
7292
9137
3018
7578
9281
3510
2263
1710
3262
6587
6828
3972
5647
3552
1924
7883
1728
3288
7698
9530
9447
5367
5339
1544
4991
8050
2200
327
1723
1733
6012
7298
2025
4911
9227
4922
2127
1341
7831
3559
2510
9048
9719
1228
9845
572
6493
6500
2297
2508
1754
2201
132
953
3651
2107
4560
5352
2574
9462
2683
8654
2422
4670
8762
2243
4444
6951
320
7897
910
7647
2797
3967
3621
1133
2009
2511
6810
4648
1339
2261
4837
7090
7065
5680
5532
2894
6477
8568
7986
3138
384
301
5947
5060
2294
5590
7736
3438
8922
7233
1154
9381
2788
6783
4998
3346
4292
7375
5129
3679
2937
5248
8746
6953
5736
9296
8855
4043
382
1389
1371
7574
3623
5403
2551
6437
5930
9808
8576
6488
8664
1771
1382
1001
7114
1889
1746
5057
4133
6784
237
6375
3489
3340
6351
6286
7957
1744
2057
9523
5660
9217
6292
1269
6580
6106
1965
5274
342
7248
9742
178
6590
1409
5517
69
3846
6523
962
8598
3165
9958
2493
9172
5888
1598
7312
4577
260
1332
3386
2988
7998
5483
9292
1958
9648
4354
9793
4336
5240
8057
3893
1679
8142
4076
2030
9201
6521
8626
1863
3280
854
7188
2620
8007
8580
5974
3617
7816
806
1144
4189
4287
7803
519
6714
6058
1366
3251
7985
6175
3325
4873
2066
4463
1201
7277
6013
8692
3161
1541
9834
9962
1070
1900
7164
9277
6792
4107
5328
2020
5799
2944
6883
6240
1734
2966
6062
8516
4413
4388
4004
5847
7987
448
597
4826
6410
7070
9133
4118
1182
2202
4834
4657
2172
1252
8061
9602
3440
1836
6282
8215
6419
4533
8365
1637
5855
6118
7962
3315
5009
5266
9379
4217
8425
3343
7695
7444
2954
9977
95
5016
3020
8676
9168
3851
3907
512
2028
7949
4660
4676
3958
2484
7141
6358
6046
8846
4777
6136
8148
1878
4097
1766
4782
7558
812
6558
4260
1310
4889
3156
3640
9736
4268
1187
270
7348
455
6704
868
363
5470
2184
1774
1079
889
9294
5940
4815
1581
4114
1351
6125
6502
2627
7860
2045
4286
5381
64
8312
8647
9662
7873
3195
3412
7599
5916
4521
8458
2396
2278
8156
8278
3276
34
4026
4946
275
4007
4924
4421
1348
1075
9877
2079
9126
4684
6899
8105
5554
8112
6224
8717
2289
777
1522
9569
1386
740
3535
5835
6912
2978
9619
4674
1611
5777
7328
7544
181
9643
1288
3389
1875
808
300
3476
9482
3369
6716
9310
916
3519
7904
8557
8805
4758
2723
3382
657
7464
6601
673
332
1286
8226
4949
4523
9565
5289
4506
8949
7046
2743
9066
8584
4994
3699
6943
6298
8223
5426
8281
4585
4318
7724
5619
2157
2344
6439
8940
234
5253
8646
7117
5265
1076
6662
9327
716
1169
4154
3955
9646
6535
2240
3626
4551
7546
8199
1657
3399
5363
9185
5939
1659
2204
2902
2375
9532
6111
2536
7118
2924
3015
8723
9340
7197
1377
7845
364
8955
9747
6073
4259
9909
5536
4036
4862
4441
6732
2964
2813
7740
1247
6700
74
5343
1336
6270
1315
354
8071
41
7682
969
5565
482
9582
6888
2509
718
6599
3672
822
580
2915
5229
7061
8508
8552
9697
9929
5979
3016
8463
5622
4309
778
3854
2073
8205
8267
8506
3516
7315
9692
6512
2960
8410
556
9631
7992
3154
7271
1702
7072
8999
1342
3756
8000
108
2572
8952
5842
1100
6315
5780
6192
2404
2312
5621
7799
6283
6730
5195
8954
7019
9878
3197
7954
9031
1355
8271
1309
230
4769
3526
8860
6325
7776
3962
2757
9039
825
2358
895
3553
4498
8946
7453
5850
6646
2675
4984
9960
8004
3380
4942
6957
8950
7686
630
2377
2558
5323
6764
6990
698
6327
5007
3566
7979
9927
293
3866
4522
157
1022
4017
8274
2010
1209
4433
4390
8578
2695
7412
6314
1337
3916
6442
9531
1204
9738
492
8822
5502
4301
6080
1165
134
1217
362
2135
7020
6428
9753
5754
6782
3039
1886
5017
770
5186
5077
601
4714
1971
9452
9516
5015
7734
6083
5679
161
7783
1660
3859
9722
2226
1969
9236
2381
6658
1884
2169
7355
5355
2668
9792
1988
1529
4455
2272
4763
4121
9801
3128
8346
1898
9865
6191
7747
694
31
5307
6693
3848
8591
7808
4179
3664
8694
3159
1238
1526
4066
2928
123
2181
2070
361
204
3892
1383
5226
2857
5718
7556
9760
6736
4168
8776
90
4838
9203
2864
7462
468
2656
965
4339
4721
6140
3691
9705
3953
1603
1994
6473
5883
9817
5047
8794
501
6207
3426
6291
9993
4406
2161
1115
626
9666
2645
3182
4649
9578
5166
505
4199
708
4293
1709
2337
6993
4519
4466
2144
8990
5005
7723
4475
8043
3781
4333
5537
3193
8341
749
4374
2807
6129
6015
140
4903
5839
2084
9338
3174
9608
4538
4335
6779
3642
8373
8992
1812
8329
8920
6572
94
5696
1421
3882
7367
6879
727
314
6900
7306
7202
1742
3091
8774
4595
8056
5834
9464
725
8107
8669
7829
8839
5664
8786
429
634
3364
9072
607
2353
5568
4362
4084
4818
8430
7854
9002
2156
5100
1193
3376
4746
4879
5849
8020
9288
9278
5802
5076
8471
6589
5958
7094
6537
4530
1700
8979
8175
1956
6670
6470
3704
5389
2835
3957
3175
2804
9931
561
3775
3496
3012
267
9566
1984
3849
5214
1727
1143
9427
6343
7005
490
1729
6682
5052
9207
4767
6549
9064
4743
3876
4166
665
8902
8449
2674
2701
7718
723
4774
8715
8332
8047
8764
4716
1995
5130
1959
5162
5292
3514
127
8106
9771
3943
473
7691
1740
8826
552
5625
3285
6802
8265
2973
3946
9880
289
2139
25
1690
2610
8701
7580
3007
4202
7347
8704
7240
3068
9843
6076
3630
5877
5206
3416
5468
4230
6598
7437
8035
6950
104
1634
5862
4195
8133
612
8819
8131
4048
926
741
1623
8432
9997
2658
4962
1163
465
6844
841
9711
7282
9514
4450
6357
1139
6309
2481
7106
7759
9649
4285
3856
407
6905
5021
4652
7461
8825
3512
8871
3028
7192
8523
649
2861
3612
2295
2824
1291
1151
1132
7450
2516
1068
9442
3645
7939
7560
896
9164
5182
4602
6552
9246
1296
4803
23
3670
6561
4785
9765
6112
190
1150
3232
4737
1009
4584
5829
6195
3531
1159
4645
2186
7509
1503
5359
5168
299
3996
6098
9364
5183
1280
3733
8663
8868
7592
3392
1972
1784
451
2932
2275
3365
3110
1274
7814
1572
721
9503
4267
8422
7455
8624
1065
5973
795
1141
2625
7884
3951
2230
1122
8784
851
5372
1267
579
6204
4430
2868
1568
542
6296
6756
7199
4568
5014
9851
3135
8189
7670
8024
6562
2431
9096
2498
5665
2499
8864
1735
4167
4386
368
6441
5749
3696
9335
3997
9374
6910
2859
5373
1991
902
9732
7180
2549
3910
9620
21
5439
8259
5666
527
5090
3574
7539
1400
6031
4682
7158
7988
3919
8442
1410
1918
6166
1459
5261
653
3669
2539
609
6702
9416
1424
9664
6090
1998
7968
5691
894
8183
7965
4280
5181
9807
2101
5860
6174
9093
2049
7857
7345
252
6606
611
1379
6801
6034
1437
4065
7690
7765
2756
1507
4110
2412
7055
6839
8874
7584
528
3714
4588
334
4000
4138
614
3824
6262
2571
6826
684
4002
8141
8421
4570
9352
794
3085
9973
4695
2288
8755
4462
6813
411
7006
7769
7022
6638
3243
4913
4757
674
2317
9617
2048
3589
1073
2347
8087
5913
5365
5747
8790
6973
734
4085
638
724
63
9861
3796
6251
1773
4134
2562
2068
6543
3334
1461
2129
8712
9298
9915
3360
7049
9382
717
2728
6611
5411
4778
2979
5387
6393
2726
9469
9682
2727
5844
8489
7894
2219
1103
5856
3103
4801
6023
8173
6040
1374
8558
5299
2758
4671
6308
9515
7696
8143
9590
2443
1489
4804
48
8184
9398
3877
8321
8514
2718
3748
5202
8246
5942
6326
11
2696
3441
8911
824
122
6265
7167
1245
1215
6928
24
9110
9006
8566
2253
560
6153
8440
306
4869
3528
151
2886
7185
8727
1730
5807
8625
4359
8698
2133
3443
9476
2608
5843
3474
6162
144
8910
9012
2372
6890
892
7499
9118
6134
1060
1230
2451
9475
3556
2926
2981
997
6114
6170
3740
5711
9828
2140
453
5720
4672
6482
3151
5277
8806
6228
3430
4453
1957
4396
1253
6369
7207
2555
9047
2794
914
5454
7102
5926
8
7181
3013
6544
8931
9568
8015
8681
4760
3564
422
2722
8729
6664
6644
4802
6994
2697
5153
3598
5776
8208
8441
8957
869
7523
1866
3086
6815
7035
6478
9070
9138
8236
7564
2578
4622
6983
6585
3240
6092
4847
8322
280
8174
4434
7196
4923
4034
1989
169
1818
5354
9081
5490
4943
8257
5125
3833
3490
2595
5258
1919
9157
7525
1820
8122
9661
3545
8834
8935
6018
4848
2991
8376
5205
5053
186
1014
619
4549
1983
9473
1810
8644
9097
5933
7984
2583
403
3618
1827
1688
8956
2390
7680
1453
9074
7255
1717
688
5938
4093
3666
2667
1142
279
5061
9384
7489
3762
3587
2834
2041
8705
1814
249
8466
9409
7168
4237
1158
3583
739
7917
4843
2840
3865
6180
5823
6070
616
6184
5791
5628
5350
2469
5023
193
3722
6048
8634
8854
1206
2313
2887
5671
9745
43
4407
8666
3055
8285
7359
1584
4868
8100
6159
7024
4634
2038
2545
9729
8086
2428
4436
6497
1281
4639
6124
2078
8594
9293
2457
7743
6306
7606
577
6906
6418
9821
3979
5607
392
6724
9849
4663
1785
1017
6113
1404
1220
7551
8570
5519
9108
1360
9470
6004
3231
3446
7771
1648
5251
6522
6102
7264
352
7285
9855
8232
5898
9268
9794
3153
6397
8313
5435
1636
7933
7126
8307
1396
217
7296
2847
1493
5678
1627
1804
324
7890
1535
7127
4053
50
9228
8592
1615
2678
7790
4155
1524
6929
6591
394
6254
2777
5332
5865
1931
4866
3147
7912
474
3758
6966
8091
8301
504
12
1331
6542
1056
6299
8076
3391
3676
4370
8092
1446
7152
4402
2329
7235
7262
3434
2088
5534
9541
4368
5734
5997
2910
8132
9605
2980
6551
3860
1996
7870
7318
5489
8041
7242
652
2582
8565
4328
6867
6603
5220
9107
578
6329
4117
7093
3817
9733
5197
8535
66
6513
4340
1848
8530
4661
2190
6501
8067
1363
4640
6438
6097
398
1596
224
8401
1297
9574
1168
7057
881
3788
3203
2486
5643
4160
6635
2660
3329
3247
7507
2784
9008
8700
4601
5375
4786
2378
208
5986
4810
8554
5966
5767
4129
761
4347
9988
9094
5672
8356
9092
6157
9701
8051
393
6371
8614
1673
2246
3148
2731
2387
4567
5471
2188
5072
7947
9688
3579
3835
3427
5591
8119
1922
8152
3677
6297
2612
6406
1607
4304
8254
7567
9690
2044
2866
1462
9007
7151
9928
4831
9009
7103
1365
9132
3027
6666
1428
832
9073
6640
1811
959
6252
4265
6267
3536
232
1512
2568
4870
9346
9660
4731
1763
5095
5269
8424
391
7454
9831
3613
7676
8821
987
8294
1504
3078
4446
4331
7017
2688
7213
9539
1940
7549
5141
6749
3379
4901
6322
274
5686
4664
7317
2565
7351
8683
9708
7858
5252
9440
875
2307
4508
686
5550
5927
971
1737
4683
9479
8115
1108
5481
9453
5425
7331
4355
7177
8010
906
1029
9221
6609
369
4321
8857
1033
9019
4152
2060
6981
7142
3508
4995
8443
5303
8753
7552
277
554
5322
4274
7521
4833
1670
918
8191
8670
6621
7407
1481
4525
7728
245
6215
9189
1635
7204
7429
7660
1120
8406
248
6234
3842
6629
7402
341
5209
2155
538
8046
4342
8017
1243
1805
8842
7786
290
3523
5726
1270
8830
7343
9553
3644
4907
180
5075
7772
9089
6038
2812
8640
28
7286
2686
6318
4299
1018
9120
5602
3591
8121
6212
5002
8616
6838
4535
4464
9059
7942
4715
8677
6105
4875
4054
2361
4701
8073
9316
4905
7664
1346
311
1985
1705
389
7339
5160
5917
4411
5045
7877
1227
3060
27
5975
9627
5440
2965
5706
9862
8659
5857
4853
4697
3467
704
4699
4231
9902
9866
5858
6476
8777
296
1908
9518
4971
4849
3170
6917
8266
164
8172
7092
276
6095
8649
8982
5008
7442
1313
4204
9411
3889
1435
8538
244
7323
2720
1439
9015
813
9322
5037
1870
7473
8882
5670
4275
1039
2933
195
7335
3836
4172
7420
6516
7522
3065
738
2893
7026
9160
7054
9632
6376
5655
3705
1359
837
2977
2755
9125
62
9702
3191
9779
7903
2761
3469
8361
5461
5510
9847
5654
1275
1157
9799
3473
2465
222
5102
5029
8577
9926
287
4358
5770
4599
152
8453
6719
3336
459
9363
6466
9598
6811
1748
995
2916
692
8787
5840
4827
8242
1790
2798
8181
7512
1517
4596
5172
4918
4762
5522
5603
6094
7920
2183
9085
7726
8696
1765
4187
8865
9721
2440
3818
229
3782
8960
1519
9079
1026
5713
2300
6183
9785
286
2517
763
3302
3609
4961
629
735
6504
6918
3827
5859
4191
7502
2584
784
7934
1405
1192
4712
4740
8488
7179
4327
9032
3615
7483
7809
9240
5294
2411
1277
7478
1745
788
6539
8260
8537
3168
8053
3333
8248
1294
2507
5738
7579
5543
8915
7069
6380
7788
998
7397
2923
4993
940
6720
2563
5775
3227
6360
3131
4970
8513
4784
3452
4651
5259
982
7068
3176
3752
9537
9252
5353
8906
2693
4751
5164
7982
7715
5580
8885
7885
711
8180
5103
5282
4070
7714
3619
4320
6661
9233
3219
9773
5663
4727
1891
4005
7324
2290
5385
6645
7336
6165
1055
9600
503
5798
5971
9123
1418
9912
1180
6962
7108
2972
4494
6256
1223
9916
54
1758
6155
6293
1478
4399
9968
406
5682
3637
5268
5764
8190
8560
8083
6787
2479
413
9901
8109
4412
6612
8675
4744
3700
6936
7171
4718
7618
441
7789
1624
269
7297
5448
2402
3660
2165
5656
5041
4165
3447
5063
5382
4461
9308
8224
7125
4091
2338
1048
9262
2753
1140
1942
7861
7265
5563
4979
5113
1166
9637
9718
2876
4733
7385
321
8150
7458
7244
1023
2970
1841
7545
22
5085
4037
5699
5613
4489
8884
2729
4783
126
8059
1232
3653
7956
5993
6430
9575
3646
573
3137
3572
10000
4768
6035
7969
1450
7272
6398
7393
8909
6169
5199
3237
8479
6422
8813
9366
7813
7091
9186
1719
9090
5890
9169
6919
8382
7648
6931
4282
6715
8887
1050
535
2291
3411
6445
3097
2640
1236
2134
3072
3268
9595
7280
2810
137
2456
7051
9077
3146
489
4
316
8802
3845
2352
8703
3024
2476
4798
2754
5618
2577
8500
5430
7774
3834
9299
4395
4261
7565
5092
7722
957
4031
5477
2293
6349
5366
7354
4800
7882
1273
330
6898
3726
2023
2793
56
2309
751
83
454
817
2244
6290
8980
8633
4278
1806
6429
3649
6518
3791
1053
4539
7256
4015
2334
4104
7254
7563
5606
5230
2947
3354
691
1327
5290
5397
2921
2474
989
469
5371
1397
6688
2458
3322
4935
5446
4876
6243
8697
7712
907
5853
8280
9052
9209
2541
4294
3814
6490
6897
9978
1554
6444
8718
9634
8769
744
5721
1726
2385
840
4348
4096
218
534
7646
8811
5578
4178
5376
4548
1135
7534
807
1199
2119
1375
6284
4858
6925
4772
2417
582
1303
6245
3183
8144
430
7431
3563
4690
8487
8807
5999
5700
2534
4221
79
1490
4116
4156
2892
8120
2340
7780
7699
9790
6087
7308
5495
2982
7526
2210
6285
3707
4851
8629
6489
3795
485
9894
4564
374
9204
1210
291
5311
811
209
2752
8249
1013
9100
6930
6194
7604
8844
5544
2349
8792
5478
9124
9961
1599
6209
8395
8765
5344
8531
3901
8512
3900
1131
5321
8608
8937
2888
2197
5163
3655
7952
4400
8641
3477
7028
9343
7879
4216
8034
383
706
9679
9858
7333
6302
6945
2214
8292
4999
9454
4003
6178
8919
5668
6233
4330
3654
1791
1121
786
7627
3801
6071
7128
2099
5873
4424
4505
9584
1857
1530
5787
3580
2103
9493
660
6862
3641
6531
1532
9216
4696
16
1010
1162
317
4500
5932
1362
2384
5409
425
6937
9809
643
9900
4745
1830
5362
2482
1049
5910
4702
6446
7684
7688
5083
3454
7524
7273
3970
288
1722
8095
4898
9731
4289
7692
5031
7864
5171
8862
3913
3348
1111
1417
9712
3560
9198
4938
2326
7919
2286
9762
7631
3172
9709
418
2194
3548
5140
9056
8789
3248
6560
8434
3922
6198
2056
2669
2946
5494
5909
5881
5212
5086
5924
596
2630
7445
2763
7515
5662
4532
198
436
6379
1906
7889
8435
1508
5443
7621
9548
2348
365
3455
5705
5475
9803
2736
942
4035
4972
2677
1553
3212
6086
8450
2015
3928
3158
3009
1808
3718
4317
6128
4557
915
500
759
4863
2994
7146
600
8841
2473
1256
8810
7572
2138
1914
2538
3942
5600
9305
3721
5296
1928
6137
4673
4049
2414
2998
9945
5529
335
4638
4753
1761
9932
7216
3423
4001
4062
2195
1312
9250
9724
5872
666
5797
1019
861
4527
2974
3755
768
7650
967
5208
9325
2883
6367
7322
8710
9258
4033
7087
974
8835
7561
3425
3823
336
5165
328
7205
4705
6242
3594
7217
5541
8297
9823
3266
3538
2512
7329
2500
1978
6774
4839
77
6686
5173
2604
2567
7635
3373
5781
9156
2031
2247
6465
2672
4867
639
3372
9342
3948
7227
9458
6841
3089
526
2537
5758
7149
5272
8778
7371
780
8469
5392
8343
2395
271
8146
4728
8328
8849
3406
3082
502
5820
679
7249
8318
6468
4484
2619
901
5097
7012
924
9555
5904
7467
303
6054
5508
4243
8045
3166
975
1955
9811
2738
4914
1380
1477
8159
6996
4162
1325
9974
4881
420
1502
4619
7475
1095
9430
605
6065
35
3735
9844
6793
7309
6729
2461
6674
1268
6874
7154
1436
5415
366
7299
6336
4902
9490
5766
3837
6647
7234
8161
9011
5267
3444
3169
862
6573
4708
3242
3445
2989
6620
1652
3539
7490
5712
9639
203
6875
3067
5634
884
310
3254
9837
3493
6120
7191
4852
4865
1633
158
6738
628
9091
6239
1586
2846
9842
1608
7163
8338
5988
4486
6652
6032
5876
8264
756
5434
4819
3872
8722
4101
6920
9967
2033
9647
124
1964
1501
9508
1487
9543
3117
7784
3428
3457
6568
4503
7390
9176
6381
1415
7457
191
5058
8311
6247
2345
8111
1828
8291
4392
9049
6695
9265
5271
9275
8721
2651
2271
7042
9432
1778
5111
9972
4813
9102
6338
9075
4816
6744
70
2649
8610
6763
5596
3804
6386
3222
6582
8667
7659
1198
7352
2196
2554
3533
3277
7538
9254
91
1431
6323
5225
1084
6740
1494
9982
2856
6047
1692
2050
9420
1963
3573
6281
3883
5401
1698
5759
8137
5790
3629
7332
8416
2881
7045
3236
4952
3211
6109
3723
5805
748
3487
8427
9035
1711
9191
4014
7737
8407
4429
8455
8600
4420
3125
2075
1547
6569
4780
3304
4089
4483
8088
8977
8559
8134
2650
1913
7880
3465
3398
3115
5732
6416
6331
1716
9963
6769
9423
5911
3711
45
7501
3797
9485
792
2324
6244
2043
6885
1780
2323
592
4045
6814
8253
3667
5327
9404
695
7459
5526
7655
1769
9034
5055
6892
5885
9147
8162
3485
5156
5982
4580
2806
9005
2154
8996
5496
3149
4176
3631
3499
9171
696
2400
221
1993
2151
6766
9889
4520
5109
7931
2879
991
486
3965
2827
4145
4213
6751
2455
2077
9336
5204
378
7225
7924
3449
7582
5276
9573
8969
6941
1721
1893
3053
8140
6402
155
1078
7643
2530
5228
5345
6503
819
8327
2601
4553
6806
3495
4229
3976
8845
7208
8289
2862
3608
4499
6391
9616
1338
3694
8042
4587
2662
5594
8039
4654
8965
7342
6845
7231
8447
6420
75
7082
2836
8003
3119
2626
7782
5907
6696
5184
5650
6138
3249
1358
9976
8275
8037
1506
3245
3145
1835
1285
8314
5421
3106
5601
5122
5112
8680
1932
6088
8240
9659
6827
5980
3202
3269
2523
1520
6660
3177
2648
2694
9835
5030
3037
2671
2592
8791
4415
4565
6979
1403
8861
305
1420
2698
872
622
1185
1789
6739
5964
44
2095
7098
4273
7520
8426
9418
7971
439
3032
4703
8418
1915
5480
5196
3944
5555
4398
7379
65
8113
3554
2114
7587
2441
2308
6960
2121
6269
6857
6089
1807
1949
4211
1513
3046
1126
7221
5737
4507
6434
8433
2357
7981
5146
481
4894
7637
8029
438
8129
6775
1821
6401
2360
8334
3458
5514
9345
6812
682
4132
7302
2632
4656
6494
8177
72
617
8522
8831
3897
8617
7543
8628
1304
2427
13
3351
4473
5043
5569
5751
1936
6514
9158
9122
4295
199
2126
8947
9386
7911
3010
6546
2993
645
7440
1373
5584
4271
551
1951
5418
707
60
5941
8397
7392
8237
4597
3271
3014
9
1364
4840
4997
7115
5631
3450
421
8011
3606
9088
2967
2170
4303
111
6747
6474
9505
9436
7792
4861
3878
568
4968
938
3690
6448
7136
5852
8038
3374
149
1110
1981
6440
9562
9626
2657
8602
3628
1628
7514
2472
3855
1352
2684
8881
5250
9388
585
9897
8613
5794
1480
8588
8218
3719
9272
9669
637
3688
6108
1580
3767
4544
7396
3504
6206
1097
6757
5513
3603
2814
3515
5983
8473
4423
6457
5640
1412
4854
662
1202
5069
541
1907
8081
188
8816
1701
3255
5264
4022
8006
3625
6185
6584
9010
3695
7086
6855
2641
7159
6669
2182
5969
3003
3977
1129
2851
2328
1399
6272
9883
3367
3850
3052
6355
7762
5825
5822
4159
9591
6366
9857
6056
179
9455
1927
2292
6853
6305
5972
4719
710
4511
7472
1587
196
6982
6432
3279
9547
7811
6833
6886
2432
2854
2768
798
1675
4517
3259
917
6690
6123
4056
8229
3592
5280
9166
7138
7820
543
515
4298
2415
893
7150
3754
3890
5326
9816
4536
5701
771
6027
5826
7195
8878
6190
6986
4643
835
9319
3635
6675
3210
847
4490
4252
5698
701
961
5583
4976
4581
8966
8962
4916
8630
1293
3045
712
2089
5893
7015
3601
5923
7678
3963
1671
6107
6423
6201
9504
3095
1566
145
5836
3659
4251
7120
7571
3002
7588
5512
1394
2423
829
1619
5984
7970
8459
7634
7948
4225
4509
3731
2442
9971
3357
4896
8974
243
7175
4621
4476
3026
8808
8773
7800
7124
4977
1768
4067
7116
5094
5396
1483
6024
8504
2581
5254
1109
7135
2760
7633
187
2176
4120
4773
6154
8615
7340
6475
7758
6122
1118
7872
1557
3366
599
3675
4700
3875
9116
2102
2388
553
1088
7593
1003
3687
8490
4170
5064
5422
3757
4632
5070
6217
6954
7203
4582
2997
4083
5437
5040
521
3492
4428
3160
4583
6066
8052
3506
6970
4077
1488
404
9763
6785
9533
2452
106
9333
844
6817
4592
3741
4921
9065
1265
5325
8193
7711
4790
55
3638
6731
6078
3206
6510
821
2322
4276
1473
6063
7097
9838
4078
3537
7406
1538
1934
6067
9315
8178
251
2576
3904
9408
2561
2209
9812
6000
3923
8609
8448
7310
2342
4895
6426
7482
7513
8832
7827
6454
8782
2062
3040
3299
5368
7874
9774
3498
5620
2064
5288
4904
1739
7294
2091
8176
8498
6823
6093
4357
4575
7693
5920
1225
8308
3328
8063
4047
6939
7021
9270
3139
2234
4555
911
1425
6880
529
805
5824
531
7257
6969
9891
8653
9355
3035
9040
876
7705
6762
6188
7719
8754
9597
1164
4985
2227
985
8948
8457
7748
8118
7908
4432
9239
2622
2017
3673
9339
9538
3728
9906
9131
4884
139
4603
2468
4445
2590
5639
9117
864
4313
3844
7050
4338
1823
5755
1007
5771
1822
8230
4404
3686
6933
8573
7038
4604
6091
742
3225
9129
3220
7130
7518
1211
1656
353
7570
595
4401
8636
1738
8186
2449
4693
632
3821
7576
135
4755
2710
4932
5460
9952
8923
2109
5936
5674
1935
5018
6835
9041
1510
2364
7977
8652
3234
200
8104
8171
2242
2016
9756
8117
7997
9027
970
9887
8757
8736
5687
2586
2597
3109
9460
980
3727
2112
2488
6668
3111
8383
9576
9892
4175
9871
2661
1947
2341
9038
9798
1063
7344
9149
1926
2791
3921
2795
3588
298
9286
5828
849
2303
537
6557
3235
4194
2860
9022
4646
3298
7961
2542
1259
1136
5349
5452
3301
904
1521
4356
4024
4496
6229
9948
6947
7930
8472
7955
4929
4409
3940
6712
9922
7428
640
6226
2617
2158
6006
117
8468
2336
9994
2148
6593
5391
9759
4988
223
3602
495
7701
8319
1682
6173
1643
1718
7430
7916
6412
4224
8968
3033
4610
7991
7730
3401
6236
4878
6300
4982
8036
5444
9921
703
775
8685
8492
6271
6681
9119
3633
5028
8509
9249
5919
7661
3129
7926
6545
9274
6007
1658
9083
8040
7706
4379
9317
105
4554
4725
4127
856
5605
5369
5644
5886
5702
1390
3599
8859
3862
1762
5474
2927
968
8336
6958
591
1190
9563
6484
6602
7812
6586
9471
9018
8214
6903
9459
7062
2882
9854
9755
5482
6860
5989
641
3541
7036
8725
7807
9596
9665
9017
323
5763
8085
6659
6698
9014
7387
5912
4391
6961
1289
1588
4791
9078
9467
6115
8726
8158
6479
6072
7537
5803
6117
3051
9786
4235
5486
7685
176
7327
3956
4087
6770
6555
3353
4349
2330
3933
5479
1861
1856
1240
3605
3915
2067
5623
9920
7145
3196
539
7253
1801
7995
2429
8873
6932
4074
9640
3521
5238
6189
3966
1057
4569
913
2232
3779
7084
4841
3734
478
3857
84
5719
9580
1212
9954
522
9780
4150
5869
2435
1041
5716
207
4196
5693
1945
8446
9190
6882
9407
9924
8293
3945
7787
2192
6934
9833
9723
1444
3562
7307
3070
2533
9273
7557
5420
6081
4629
3975
1647
96
5901
7366
6396
2492
9604
5954
4877
9791
4925
2771
457
39
2268
2270
678
7767
9244
6896
5561
9737
9832
5044
5051
4040
6641
3971
98
646
4337
2770
4312
4385
9197
8918
4343
8429
4620
8837
8309
5356
802
1612
2425
6861
1948
7132
1260
467
4820
8747
1448
5096
2254
168
5120
2598
576
7252
9373
650
843
4630
3701
7193
8967
9818
373
3543
3611
9707
462
5222
7583
5733
494
4419
8097
5213
9311
9748
2490
7610
1008
5300
4426
2544
4687
9484
258
7918
7866
3830
2081
5451
6481
2811
689
516
1562
7095
5074
1101
506
3819
5658
3335
7628
2742
1323
1903
5412
9287
7172
8833
2122
1482
7607
424
5279
2609
1203
887
8393
6776
5615
3992
409
7842
7855
9820
1096
8601
231
2471
3081
2367
7314
4547
908
241
6029
8976
4058
921
4908
943
4973
7586
4980
7085
9895
2005
6753
4723
3774
6049
7215
6821
3275
9155
4016
683
1697
1838
3022
1170
6498
5169
7001
1469
6559
3811
7388
7189
57
5608
9304
8078
8075
1441
6311
4842
173
6492
8596
7398
4713
6904
1594
2314
3724
1743
6413
5179
359
8883
7278
5450
4281
3116
9520
6211
2514
7421
6059
1899
7183
402
936
1930
4593
3099
97
8720
9477
1800
1795
5193
2644
9263
3886
4724
4796
9848
5022
2520
2706
8889
4307
9903
7914
6051
4296
7542
1037
4263
7964
564
1973
2949
9057
7818
4541
3167
4008
1770
3534
2891
357
8445
5360
4361
185
2026
1797
4311
3318
7848
545
6082
1629
755
9700
7080
8635
7533
9870
1370
1138
2984
9950
9693
5629
3258
8771
6171
9426
988
9235
1278
6834
6199
5559
6021
1262
9200
3246
7895
3326
2285
6796
6328
3413
2952
5442
7847
4082
8612
1016
3511
9673
5124
1467
2393
2346
3530
7121
2203
5506
7222
3096
4147
2750
9810
7497
5762
2331
2502
350
2383
563
8734
5626
8211
5994
569
7667
1561
6039
2766
9512
7376
8767
6462
2853
3597
4633
7304
6248
4108
9964
6359
5657
3840
4364
9144
2852
9414
8561
912
2006
5170
4729
8470
5394
1626
2380
8993
4824
3569
7833
1803
7401
3092
1184
5256
8888
8989
1414
