10000
6861
5070
4955
3998
4281
4115
3738
8488
1625
7987
435
3611
8319
4475
6680
9979
7197
5087
3162
9863
1105
5072
6076
7685
1173
9331
9531
8237
8833
5889
73
5270
8475
6778
514
8769
4258
9679
2962
616
5796
620
4765
2034
8795
1177
3453
5706
4322
59
5504
1678
4332
8692
1803
8834
5020
8799
3631
5362
1364
955
5100
6247
9561
5886
4257
6364
6700
2792
5274
8042
9471
7490
9176
1596
3719
8794
9916
5285
3394
7501
2332
7415
3295
3524
3187
818
5250
590
417
9530
7078
2161
5760
4434
4969
6236
5
3291
720
1908
2250
6409
7141
5499
3168
5360
5315
7590
365
4815
3692
6873
7640
9368
4487
9362
2425
8020
3858
3776
2192
6717
9337
2118
8917
855
9031
8132
196
7543
4511
7637
857
3839
8405
2767
8899
5846
6282
2689
8708
3637
6370
2151
9899
7014
1084
7147
8731
2455
9237
2662
7446
8066
4125
2608
1071
8930
9488
2769
8212
9329
8706
8269
4387
7068
2328
4550
5048
9548
748
5644
7369
539
5811
6797
5705
8662
8157
5470
5666
9229
9074
2121
4351
5850
5971
9517
1349
3884
5102
4607
6645
3784
6157
5049
1627
3209
6126
8999
7656
3375
1170
116
3117
1758
26
3497
1532
4165
4960
6474
5562
2526
2554
5683
5101
4101
4598
3654
9467
4152
6068
7374
9497
9482
7760
4792
9269
6034
33
8441
8824
1873
3341
3975
2091
3454
1501
9970
91
4452
2220
4559
7110
7817
895
5137
6532
8337
3024
241
7261
8703
8574
174
1422
4943
7223
9251
1568
2575
6981
2249
470
5500
2739
722
5977
1515
202
3459
8024
2074
9578
8727
6158
2495
6726
2004
8571
3327
3768
4370
6699
1372
4496
8102
6639
5612
3189
3857
7082
5357
8446
2653
1297
9436
85
8418
438
1605
2013
6754
364
1282
3141
5593
8381
9593
6998
1143
7975
1851
2686
7750
1811
8167
9630
5946
2900
5304
6770
6471
9571
5628
974
5928
4961
1425
4858
2799
6149
8139
8414
9290
8173
2788
5782
510
3529
6642
6248
6290
6921
5267
7471
3862
8120
4173
8594
6993
9883
2194
8638
2342
4015
9922
5851
8525
5690
1383
9223
2569
2064
3514
960
1757
2694
409
9998
794
2657
962
9532
6423
8826
4395
6105
5440
5395
253
5336
3707
6461
9935
4825
6922
6198
2450
5586
6874
8114
4495
3139
3886
2535
2939
8956
4827
2890
7969
6960
8642
2248
4186
4672
6811
2212
254
7344
8992
9825
5057
1171
3484
8983
1275
3634
2107
1713
7268
8009
8815
8770
888
183
7066
3146
8158
8659
6118
9197
6745
6535
693
8143
2386
3649
4400
4538
5014
3118
827
8344
7424
3780
698
9360
788
2766
3686
217
5230
8560
1041
898
4144
2230
4123
7661
2391
324
5982
5627
7997
9673
5814
7540
1442
6475
3675
4812
5314
7074
7916
7704
1858
1533
1460
5558
8089
3824
6341
1566
8326
5536
2558
7714
9941
8962
1050
883
5364
1235
8521
50
3552
2066
1155
6495
1892
3072
4336
3222
6496
6657
2563
2439
1093
2353
9629
1016
7586
6307
7456
3403
5964
1993
566
5082
2322
8327
2050
5189
2081
6265
6009
7791
4643
668
4037
3198
4719
3618
2043
3570
2622
705
6556
6315
6769
2812
6821
7211
8890
5923
4096
1141
6334
8218
550
835
653
413
5611
5221
3266
7831
9776
4512
4664
2395
9377
9415
8728
3268
8860
3723
3495
7709
3804
704
3260
4309
471
656
1602
1919
129
1119
1968
5481
9386
283
651
1480
1064
5582
2522
2419
1198
1828
7647
869
9963
9793
2833
5403
4286
7913
280
1347
1852
1069
173
9263
1431
1130
2721
3321
569
8757
3207
9071
5650
5764
2163
7725
6477
159
210
8906
3135
410
6114
8598
149
4299
1111
3225
411
4645
2190
9354
1840
6590
4472
1348
2058
9039
3808
8900
1548
3319
5369
7418
3320
6849
8035
3025
2150
1882
8409
6757
1701
1589
9409
5096
7087
7754
3516
1755
2648
9137
7084
713
2854
9972
923
9186
8001
9730
3206
5458
3276
428
7821
1751
3232
7860
4223
2407
7413
1004
3548
721
2949
971
2000
5816
4068
655
3185
801
4334
1735
9316
1780
6176
7348
7055
9613
8277
8829
6464
4523
4746
2836
5797
7721
180
8456
4588
2496
7553
8203
833
4659
1226
5162
9864
4295
9164
1557
4063
7769
9981
4999
7862
1492
1230
7665
3750
2594
6353
937
7186
6863
1446
1474
648
1988
3350
1308
5210
1726
6304
9808
6730
9485
8636
8214
9028
1367
791
6302
1937
919
6144
5955
6755
2326
2363
7373
2464
5539
4283
8765
1521
6531
7407
6734
6289
9522
6984
3004
5478
4690
902
4131
6338
9569
1023
1708
8410
3728
4757
7555
1042
7337
2029
1030
2870
2170
3278
6620
6919
3740
3818
9478
3235
8791
2379
904
9038
1104
5713
7353
2916
3163
7761
2940
3305
5688
3221
9192
4798
152
6587
8034
3084
1305
1166
5750
5571
642
478
5692
5109
953
7119
7732
6581
8217
4460
7169
7212
7200
5301
8903
4861
9391
7092
8704
6554
6460
5173
2438
5595
2912
8804
8235
2473
4784
8146
815
2101
5737
8390
5947
1660
2532
1181
6860
9080
567
7142
5451
2100
7262
916
2468
6316
4105
6878
5607
5150
2436
2743
8287
9893
5404
678
8719
6764
7963
3960
9699
5192
7950
304
6967
5105
6738
823
4118
8433
1284
8149
9091
9281
932
746
3241
162
5771
8129
3724
7920
7476
1311
6395
3437
5135
6982
4831
9960
9835
3709
9888
589
6452
1979
9609
227
2387
772
8971
8673
40
2894
7531
5027
4275
1731
8018
7451
6621
4066
4823
5935
8831
452
209
4880
4617
2417
5823
6719
8029
5029
3012
437
8732
7629
7695
6809
2901
640
6750
9417
6243
3142
6511
6619
9855
1868
4829
793
6263
408
6112
5549
2483
8353
5030
7889
2392
2381
2641
7005
2214
4234
9459
2671
6751
4958
700
1899
3335
9328
744
2380
9227
1412
5196
119
8685
8442
480
8536
6951
8800
952
8014
2012
3022
2268
9501
7194
7606
7693
9252
6973
2787
1772
8697
3125
7375
9624
7443
5941
3190
2059
3538
4143
8354
1005
6357
4126
3353
7277
6113
7196
1961
8879
2999
4847
4738
4852
5856
6855
6783
2291
2826
3656
1118
4213
2399
734
4564
6308
2339
9116
7023
6836
5392
2861
8981
2303
9017
7840
3800
7309
163
1060
5216
8907
5114
1973
2010
723
205
6670
278
5464
2002
7872
2819
3149
6207
6898
5663
6378
4618
1389
5679
905
5237
3665
8494
1034
4050
9744
1174
4363
7405
6980
4117
9294
5316
1992
164
6609
6057
7177
1793
7122
8535
323
568
2665
6989
7806
1825
6020
5453
4863
6703
9928
2850
7447
3816
5827
2364
8803
9925
1676
4733
8119
7959
854
4304
9472
8290
3457
493
7022
7416
2600
2374
1906
3312
2204
2691
2711
9348
8986
1609
8499
2222
341
2109
7772
5445
118
9668
7762
2513
7547
687
8913
1231
9398
7611
5385
8065
875
4331
6216
4822
9518
3695
5091
8672
6904
8601
796
7021
4001
4540
3807
2365
7305
8657
9466
9678
2774
8529
1252
5550
2166
5471
7767
5394
275
5516
3442
6270
9587
1671
9875
5553
8190
2275
2054
3593
4414
6099
8341
3846
3914
1619
1931
5575
6434
3363
614
71
649
1597
5345
8942
4856
9862
8793
9725
4450
9445
606
6360
2139
9505
3008
8596
9317
4485
1179
3093
9238
1218
7162
9358
5249
1634
1312
1443
5080
347
9659
3006
9222
2156
2845
6772
717
2765
6365
8973
5158
1380
131
6061
7894
4811
4206
2120
7875
2956
7150
8513
7386
942
7255
6514
3936
9974
3271
1786
1479
7401
4378
4810
4270
6444
4627
5148
1592
6413
3378
7075
2106
1894
3517
9356
151
4849
7404
5875
5552
943
3617
8420
7112
9803
7993
3987
1058
4235
6562
9092
5931
9759
2470
993
8876
1700
7850
9142
94
7929
8568
215
5526
8125
2462
7365
3009
8107
5287
9846
6196
8005
6140
4277
9009
7272
7658
2078
6284
1459
5815
3451
5841
5191
1278
2055
6610
5812
7057
4711
8402
9995
4840
1469
5271
7893
1487
7748
1402
5821
3490
8255
1792
4196
6389
5123
8563
610
7926
6036
8652
5568
4312
7519
4501
4639
3511
7706
730
9007
3140
5866
2902
6233
5212
3020
2635
9797
7793
4248
9898
4602
8528
1739
858
6735
4442
1711
1986
2244
1629
3415
3503
3325
2206
8572
4771
991
5325
2772
7722
5839
4884
9542
8278
4584
8387
6785
6017
6003
3758
9623
6957
2023
9367
6427
8998
6540
4902
6607
1124
9691
7383
8583
4282
9871
6397
8739
547
5444
6494
6005
490
4148
7056
3714
2927
1946
8411
4315
2036
7102
1183
8949
5077
8334
3904
5847
5732
4508
4972
5128
8575
7527
6937
2987
7522
6033
8722
1829
8669
5727
5348
596
1572
9644
958
7481
5871
5534
2586
8273
8055
9224
671
3610
330
3704
9047
2283
8920
1764
6512
5307
4830
4354
1510
9321
2467
8511
4271
8619
2502
8450
3814
5424
3879
2699
4791
2763
2475
4200
9676
3488
1512
4217
5600
7114
7671
4561
8751
8422
4014
2454
645
6875
1456
3430
3231
4445
5044
8378
4401
7149
6010
3018
1163
1331
4347
2372
9881
97
314
9944
1555
5794
3797
9502
7372
6833
4102
7419
8462
2511
7389
243
9617
9757
2795
6901
7905
8388
6565
6184
8520
7581
7930
8053
1010
5932
3446
6798
1452
373
8090
889
6224
6193
2307
161
8048
2828
374
719
5933
343
9397
8210
8188
6545
1419
4895
7574
8812
3553
8372
5721
7526
6030
4837
7795
6269
8755
5106
1633
8498
7159
4935
8976
2003
2327
4230
2891
2610
4323
6641
6188
9246
5310
1405
4674
1785
8979
7063
5446
7713
7237
1974
5025
7865
5264
2370
5741
303
6555
3045
4601
8991
1951
3259
9986
9011
572
5214
5506
1938
446
3930
9419
1307
1430
2497
8031
9942
7116
4082
4709
595
7485
1523
7933
1151
2843
2449
7554
1686
5297
5258
2396
2810
8550
4769
7324
4594
9816
6286
3204
4682
2295
660
7376
701
9562
3240
2822
9494
5441
1550
2125
5685
3968
5365
1807
9608
178
9442
5838
9867
3000
4121
9956
4770
9389
371
325
5546
6813
2866
1039
836
6775
4597
6758
6916
9148
2741
4724
310
4668
61
6082
9309
7232
2757
8987
1747
3925
8514
9811
8580
5735
4633
5005
6129
584
7745
2451
6292
4799
1916
6548
5863
1652
6526
707
2297
9581
5587
7780
2929
2628
699
1262
1267
5389
1321
685
9112
2460
3424
6834
2083
6373
9336
9277
8567
9764
5921
445
9937
5011
8481
4506
1670
6546
5193
7191
1960
6668
6994
315
406
5877
6830
5130
803
2932
9342
2764
4678
8349
4777
8151
2384
5330
9761
8435
4527
7431
5449
3527
4228
7660
332
1131
5887
9507
5485
9958
3512
7143
7188
6390
6205
1376
3644
5535
5617
9537
1296
3302
1088
2095
2137
8871
5146
9770
8524
944
1718
4407
2618
8825
799
1290
5868
6230
9059
1950
1215
1547
6251
2514
5709
5095
3257
9682
3574
1210
5060
3693
1453
8164
5036
1749
8374
6420
2124
7120
5754
8700
2105
2599
6264
3786
8954
2715
3793
2820
5147
377
5320
9620
6794
7118
3491
3223
2026
6979
7530
53
3727
9940
6013
8038
2030
4069
7036
1059
3238
4986
2698
4220
7569
7072
9006
9909
7536
9870
2371
969
1134
4139
5974
8955
3463
6139
819
8266
1869
2839
8912
6445
9410
6640
7723
3262
3252
6141
6693
1167
4243
5054
3471
760
4923
5097
3735
4497
4896
3441
8613
3771
8467
6438
3783
9067
8579
5766
5944
3855
7139
4404
3044
9968
80
1070
394
9093
774
2021
4586
2883
1505
8189
9775
2216
6677
8888
7042
6228
8093
9665
7473
2169
7504
2695
5929
9600
8873
6924
7952
7756
6577
8270
2947
3031
1763
4461
5718
2705
6664
5186
4783
4651
2950
6517
6742
4438
3513
8469
8651
2588
5806
897
8443
1037
5985
8881
5474
6912
9700
6480
5653
6950
6773
6458
9669
5879
2842
2637
3667
3630
7612
8637
865
1987
9516
6049
1493
7712
5991
3847
2076
289
4405
6923
2112
7326
3095
2677
38
695
232
2617
6583
2269
277
3280
3832
8634
7627
6882
9819
4425
4109
5261
2571
4795
598
7962
7924
5455
6355
5559
8246
4209
7912
1357
6667
7539
769
6478
247
6032
6779
7534
7749
8150
8267
525
5825
3920
4604
765
425
1036
8993
9416
3508
9831
4556
342
2129
8908
2881
7739
6439
1742
7293
5246
156
6128
1323
74
5646
3234
8389
6549
2145
4541
6345
4780
870
8236
6044
3504
6947
2895
5207
6231
4422
8015
6801
4942
1770
7557
5242
465
7672
6672
3939
9432
7439
8919
9826
758
8041
7345
3973
2480
6560
6675
4975
4694
7140
5790
4782
7204
8585
450
5577
9622
6894
9046
2198
8396
910
8945
3159
5862
6832
2457
7239
1681
167
6506
5781
6280
9921
9712
3273
6606
4921
6931
7453
785
9796
1905
4009
3049
1536
2858
3812
8169
3494
5294
5508
2619
5917
2247
1496
7984
3597
5996
6695
9002
3474
1818
8738
1517
2252
2313
6092
2176
3918
812
4498
4095
8426
2225
7061
4437
5195
7514
5266
7463
306
7267
2362
297
3842
8603
6097
5203
8215
5211
3398
3297
7857
4113
3412
1679
5282
6273
2593
9375
4670
724
9754
7532
9574
9101
3428
9034
6712
4514
814
2656
742
7782
326
6115
1542
49
3568
4057
948
3559
6069
9891
370
8393
9683
6961
4420
1017
1176
6322
5220
604
517
1033
4246
3957
2102
8284
8310
9539
6858
6866
9934
3157
851
6392
526
1658
7609
3867
8902
2552
5200
1018
9181
4773
8460
4551
3052
5804
5299
7335
3773
6885
9706
5899
5469
5903
2406
7730
9076
4596
6235
4974
7387
3853
1651
7341
226
8336
6870
9784
4897
6098
4909
2579
3050
3354
798
6048
5324
9339
6086
449
1101
453
9462
5182
1054
2515
9163
6543
5641
9065
3347
6897
1959
5712
3991
4250
9168
263
6186
8240
5468
1789
3584
2817
9918
2827
5354
7502
3781
199
9306
2115
9468
9113
4028
4502
1685
3885
2486
9357
282
3673
6192
5396
5773
3370
4415
3902
6101
1900
9664
7985
3946
3871
2553
4040
104
7230
9830
4426
7577
4208
2868
1506
2113
6241
7724
6572
592
9303
1518
807
2361
2027
3322
6050
2577
4017
2061
6589
8854
9381
2237
2797
4114
4360
2814
7911
461
2623
3179
1478
7178
950
9081
1956
9226
1464
7808
7482
4622
5962
4058
1123
6827
6462
8724
3034
8477
6793
3788
9812
2005
235
1195
3421
8639
6288
4178
2762
1127
65
5292
8007
2494
6777
4035
7225
6083
6846
8458
9642
690
9179
9798
9383
7226
1434
9323
3458
3801
1413
1836
9387
830
7616
6760
4737
5753
7249
5442
7065
5398
2258
1471
1694
8454
4845
6285
9688
3977
1898
7121
3408
8701
2708
756
8994
8043
3831
1435
6576
1289
9365
3197
7497
2674
7849
5067
1315
929
1885
8852
841
8211
3102
1939
561
7483
1423
6956
2411
6835
2158
1429
7902
3515
9666
7361
2935
1854
6632
6586
2301
1525
8655
5283
2199
9315
1643
6385
563
8200
6552
7070
2550
8085
4833
545
7396
1524
5656
4701
754
3406
3806
3470
7379
3642
338
4328
2306
3979
6595
4826
7678
6163
5540
8736
4636
3357
1806
1674
4294
7967
4366
2909
9954
7227
3996
2157
5247
1648
7589
3156
5383
9527
7683
3906
6883
1989
2851
6256
7163
5655
3393
513
9545
1000
8531
7670
1966
4553
9852
5432
1339
2461
4313
7822
7939
2802
4197
75
9858
3893
6088
7710
6142
816
7242
6135
879
3384
6683
298
8361
7866
4202
1631
3747
2171
5351
7480
3697
9003
8329
8509
1342
5774
9814
1334
4372
7819
1063
8181
8286
2296
4004
5231
5833
7635
3200
2960
7187
9173
5621
5490
2331
7381
4766
7126
4051
4623
5269
5068
9374
4324
8808
6310
5529
1748
8258
9636
6900
429
6394
9939
1377
2913
4797
2343
1692
3663
8516
4706
8242
8030
4039
7484
5419
4177
6457
1861
9834
7992
4841
7251
3147
5166
9202
6879
4605
8355
5919
1472
4973
5252
5309
8016
3068
1911
9900
3037
9132
3997
7510
3478
2529
8325
9628
7222
3730
4227
4864
619
7778
8526
4949
5852
357
6107
9437
5256
7604
6585
9707
529
1187
4090
4940
6121
6558
32
9752
4572
741
8507
7311
1844
5901
938
3834
930
8076
7880
1184
229
2001
2528
8482
9987
2196
3546
1250
329
4750
5149
3990
6741
3330
2966
1871
1886
8437
4341
4546
4816
3741
2491
2089
9407
5098
3852
2183
4688
890
7019
7587
8951
6075
8485
646
3348
3228
5965
3030
2205
9318
1952
7174
8147
1261
9971
8375
7981
4628
9710
1439
6455
1831
1599
6294
2771
3460
3830
3966
5891
5883
2398
861
2133
4016
5073
7292
3256
983
7489
900
224
4619
4365
6533
7478
2934
8877
3285
1646
8517
3583
3505
9405
9458
1109
2587
2704
8386
6337
7315
3466
6765
9932
4696
1802
1565
7060
8116
5328
4978
6570
1448
3638
6630
3258
2808
47
1473
379
8221
5865
1322
8597
7953
2227
3734
8931
6024
7333
6689
7263
68
3210
9235
5378
4191
4726
3432
578
8249
6887
257
6448
729
3336
3161
6133
1114
6212
7479
1504
1269
3551
216
4169
6412
4293
7259
4428
1021
6766
7243
3029
2750
9583
2667
9713
3213
3361
837
4905
9662
7329
6038
125
2540
6918
4064
7646
6311
3109
8910
2732
7176
1466
8843
6267
9749
7233
7134
421
4669
6185
8590
7655
2697
4630
7529
5502
4484
8865
1298
1407
5156
9570
9546
2567
4941
436
6161
3543
3861
9206
5052
4088
5483
2498
8861
3896
6001
198
639
633
3674
2179
842
2856
3036
882
5876
6182
3281
7773
8875
3520
1796
9842
5133
7575
7325
6486
6718
6404
3550
763
3588
7858
8468
9649
1
1630
9933
9879
8175
5909
3650
9509
1884
279
6534
9701
2859
380
5194
1324
153
4820
504
6767
9450
6399
2654
4005
9541
2123
3171
7895
5199
3145
2598
1026
2068
4477
2680
8463
9747
7192
3311
8054
5770
4326
1805
89
5588
9585
2114
128
9127
211
3085
4193
7474
6694
6709
7566
3420
3417
8610
9975
4379
7027
3557
4548
4104
3038
3178
2666
9180
7411
4377
2104
4549
3765
7690
8674
201
2233
7797
9378
4894
3433
9714
4456
9791
5009
6939
90
432
165
427
3445
7988
2273
3449
7171
1249
7624
9924
3733
7503
7245
2931
1300
1733
8487
273
9455
9708
1787
179
4203
4927
1794
7017
5798
5000
972
8553
3545
7583
5748
5591
4539
5179
8702
1085
5565
1092
458
6206
3648
7236
8546
3859
7393
984
7265
9085
2509
9976
2952
9535
8609
4616
356
795
6563
4776
112
3001
9402
1362
3227
5511
360
1258
2541
5952
9301
9538
6934
4357
3046
2357
3539
3895
2595
3972
2889
2770
9178
8403
8653
5443
1594
4537
3480
4329
1408
1766
7402
8019
9204
5557
4444
7088
5584
9591
5015
761
29
8180
8171
8293
8345
5900
3715
8523
6179
8814
8330
5995
6336
3866
1075
2879
767
9876
3947
5870
7432
5637
2403
4781
4953
9616
5788
9672
7729
6869
8479
5209
8321
9217
2918
7041
8680
8689
5334
2740
233
8250
9782
4081
1494
2838
2611
9641
4303
7794
1046
1530
6159
4562
6268
7012
8742
1012
9792
3535
5520
7164
4408
1373
7018
6060
2172
8682
1234
8262
1426
2561
5542
3572
9152
8000
6151
4402
2565
3443
266
7631
3175
3015
2993
2576
9717
1222
1110
9372
2255
126
272
192
6191
8068
168
7330
7833
3056
3974
1624
4592
2748
7523
7449
3622
7686
1200
4611
2080
3782
9993
4544
6410
2784
9184
5063
309
8493
4435
5412
871
5251
4265
1977
1355
292
5629
5040
4801
1079
2720
8604
8832
5994
228
3639
7217
5050
8797
9292
7258
9355
534
5431
3338
23
4700
6406
1639
5888
8251
1145
8118
4851
617
1775
9352
6016
9189
5456
286
3878
2340
9914
1396
3708
1242
8478
9027
7320
222
6106
4702
1328
8965
3287
4573
2435
7965
5045
2605
9650
491
8202
3607
2310
3418
8552
1970
6819
8148
8967
9221
7868
8457
5339
9896
8077
8747
3328
5597
9690
5463
3434
4862
1316
6014
58
4585
9473
9427
921
9745
4693
5222
5291
4582
1203
9079
6217
4686
1981
1881
2640
7190
6895
647
3429
6085
5603
4386
745
9769
8008
4819
8323
5038
8412
5784
691
7919
5719
2692
7170
5972
6530
6109
204
7605
7429
1590
2668
5284
8391
5190
2334
2016
7966
4638
236
7790
5142
1283
5084
9895
6428
6687
931
6051
4774
4877
369
1541
5430
5118
213
9850
5579
5185
7733
2476
9711
7632
8017
6704
6339
7466
6880
8013
3166
2456
9661
1995
4084
1265
9489
5736
2018
7252
9167
4683
2801
1695
2794
7752
5016
8847
4965
6505
6710
535
7802
2063
3916
1353
3308
9520
269
1361
1285
17
579
4898
6720
8540
5523
6627
5262
979
274
1015
6598
1185
2551
6519
6377
8445
781
5375
8565
4240
3345
562
7097
6690
9760
7613
8927
626
7054
1156
7603
6823
1579
1106
5335
4665
4981
5670
3792
4658
5625
3940
9645
4910
3983
800
1272
6828
6940
9296
1382
8440
5768
5273
9299
1007
378
9884
7659
6194
8557
1846
1038
1985
6154
2458
2490
776
644
8844
4853
4767
4430
1159
4632
3158
4716
8683
6603
1737
2841
3381
1211
3845
386
2308
1712
9514
682
5139
2429
8549
9805
5527
7173
1551
5370
4666
6761
9448
295
1821
9199
3669
6039
680
1915
751
2837
6513
6579
2136
716
2290
6491
8922
4695
9100
3279
4198
1253
6804
8693
430
4516
2761
4656
1395
9781
8419
2007
4609
3980
5290
9428
5537
555
3110
3766
6266
9004
8763
6153
9779
2702
1424
3383
7518
5969
2051
1880
5356
9212
8406
5580
1918
317
1310
5435
7403
8842
2974
4789
2463
3382
5963
2669
1482
4565
1157
1837
9553
1996
7107
7823
3582
5046
622
7681
2533
2335
2229
4070
3464
7029
5462
7903
2917
9334
1893
4075
7843
4023
5570
492
6366
6451
6746
9813
4998
9077
3562
9146
2009
7922
8607
4307
2015
6167
3107
6728
5408
1856
3927
9611
2903
5896
1440
2243
8952
2347
6313
4979
8897
8145
4867
2437
1628
1461
7697
2800
1991
3461
3662
7124
2414
1024
7958
9207
5263
5187
7216
9311
2309
2517
1120
191
3105
8626
988
5058
3556
672
9056
8177
6479
5338
8602
5596
2663
7039
2953
7639
6414
8670
6072
2422
5215
7941
4931
4
8320
1096
9159
977
9820
6600
8771
5265
8067
731
6426
2897
3655
9469
2869
3426
9601
1655
868
6662
9278
2442
714
4244
1098
2096
4865
1238
1001
6252
7349
3359
1773
4473
3067
2873
2424
7086
7278
2159
3844
5652
9000
2232
954
5001
1573
8364
5019
4571
9726
2806
5039
8037
106
3313
3931
7630
5031
3900
6859
5643
7067
602
8036
9143
8108
5163
5181
2726
1870
7306
9500
3329
9220
3077
8624
2664
5188
3743
37
8346
8543
8308
9198
3988
6254
6927
7625
4987
4703
31
1083
3469
4359
1936
4083
7130
6768
3324
4610
2807
293
6575
3243
7256
3288
246
3745
903
552
4189
9422
2967
8179
2782
9487
9866
3848
6782
764
5878
404
7334
8137
6637
8895
5393
4010
6177
362
4310
63
2152
9320
8959
1907
6123
6432
1094
3898
8503
7804
6597
7076
3339
4917
2098
6387
7898
1404
4076
7408
7759
251
759
5578
1971
5172
9785
9139
3691
9978
6626
1274
7757
2421
538
1552
1194
4254
4914
8489
4053
797
7043
6682
6850
7002
5674
8204
7363
2725
7906
230
7160
2144
3390
5755
4342
9839
8291
2257
6226
5968
7157
8562
4647
3897
6223
1299
1888
7366
7426
6629
8718
1587
3309
3277
9037
2885
3150
1019
5397
238
737
9822
5340
9213
7556
4011
6647
7250
7283
1455
4679
8559
1736
503
4080
9241
3226
5564
4899
9305
1090
3103
345
2126
5405
5053
8640
9169
7576
9877
8347
951
7199
7384
6195
5413
4092
6046
9652
1484
6096
1689
5775
5626
7863
3340
3122
4195
1715
7098
4660
5836
5075
3229
611
9789
3785
6547
1354
3872
2094
4417
7882
8428
7877
6553
3264
8867
570
3558
3744
4212
8581
9265
3112
5984
7218
7327
8705
1239
344
8699
845
6671
9154
5439
3300
5295
8166
8306
7495
6022
2899
6287
3155
3616
1591
5372
8100
5472
1502
5425
2863
9282
6963
265
6071
2238
3368
8117
6872
4843
692
5197
5177
1388
1913
9674
4803
8896
6808
4640
8990
1078
3184
4072
638
7561
8156
4320
2803
3121
5466
8762
1121
57
9584
8304
355
4493
9719
2132
6536
1848
5234
9060
6346
3380
5634
7346
9005
7602
591
9430
7517
1343
9949
21
8430
2793
7205
7090
1051
9236
1862
8199
5514
271
8112
9598
1659
787
2479
1076
9082
9144
3211
9205
8312
2649
4136
7669
2062
940
7876
3685
5854
3144
2020
5533
4775
8863
399
7910
3358
9443
9643
8062
5406
8646
3594
3863
2521
5660
9344
762
7563
1067
6792
6944
987
6538
708
3635
7046
1233
2848
9728
5373
8421
1470
5740
7956
137
625
808
3565
5697
5566
7744
2348
8914
8229
5507
5711
4603
3965
4948
1827
7753
4606
5800
6469
6277
7820
574
8222
2445
3629
4878
3567
4158
7628
3400
5686
1571
5769
7945
9499
7166
8741
6497
3967
9890
2786
1146
6419
852
1451
1327
5726
8641
348
7328
6155
3909
4340
4947
2626
7805
9314
5089
9040
2968
7890
4161
5622
488
5333
9498
934
1923
5061
8985
6747
8600
9279
5241
6053
2318
5590
4044
5124
7020
8223
7908
4995
7726
9800
4132
237
8982
5034
8940
6753
2591
9062
6396
440
4492
8631
9856
8944
6279
5229
9836
8743
4745
9052
5826
8894
6333
4860
6330
4142
6103
9273
2546
6332
7703
6787
2284
9453
5817
5708
3334
4129
1436
3314
6727
7755
2160
7123
5531
8343
2299
5201
6453
8141
6865
4300
9247
9815
2221
383
7508
1723
248
8075
892
7888
4215
2262
9631
6561
6737
1730
5311
6028
6774
5677
9762
6335
5739
7768
7915
3126
1417
5662
2507
6147
6146
9872
9012
9695
7972
8666
7947
3833
6831
9258
4675
1204
6840
9232
7448
3080
3079
1468
1954
1481
9675
7069
6841
7533
821
1958
1754
899
2116
3485
300
4721
12
8780
8379
676
5997
6119
245
2131
7691
6485
4749
856
9366
4648
4755
2323
6227
4951
4287
6169
7585
2928
8439
7978
9732
5639
5331
560
8668
8767
4637
1045
813
5988
1924
83
2777
1623
8099
5484
901
7397
1940
4383
3298
7727
3487
5002
3938
7832
7291
8886
1433
1540
9481
6074
7183
5081
9491
1160
7652
3360
1246
77
3880
3573
6614
225
7934
712
4990
9508
3181
7674
2758
5834
6064
5801
5132
6239
4174
6446
4747
5649
3199
4192
4692
3133
7470
928
6077
7938
1271
9049
6329
110
4662
3392
1578
7213
3455
5792
9554
5368
7512
8569
7028
4580
482
6162
715
2193
4361
2906
2400
4589
985
7235
6386
5410
8192
6027
7461
4027
4172
8970
3315
320
5569
5820
9055
3395
9565
6400
261
2412
5113
9787
8002
820
1575
9014
4717
9188
3032
7208
4410
5787
8103
9075
6500
6507
4138
1384
3054
3332
6925
5860
9435
1489
2752
5702
8786
3571
727
3933
1738
4624
3071
2138
876
3447
5420
3658
7734
1982
2679
8186
586
6240
268
9989
9806
9735
3219
3367
3023
4273
4296
4127
375
5978
4983
144
2038
1103
886
7878
9396
3386
4916
2825
1984
9108
4436
3794
7013
6031
3498
786
9765
7936
6638
2478
5280
7599
3057
3592
9915
285
684
603
2634
1672
8483
2566
2505
3016
2730
9086
1656
4385
2168
8578
5950
400
8645
6073
6983
5159
5153
8356
6042
8989
9069
7172
9851
4042
1414
9094
3005
1178
3802
7841
1392
2527
6759
7313
8247
7231
6876
5884
5669
157
3641
2085
4883
1750
7664
6510
8243
4490
8807
2298
8092
1909
7151
462
7104
3115
1562
3100
1697
221
4156
4427
7623
1822
4238
1955
6424
6276
311
4074
9400
3689
5785
1716
1901
3344
4112
7356
6806
2675
7032
1774
6724
6567
9350
9743
115
9098
4739
9689
7784
133
7864
5093
2239
4869
4020
2652
4655
3170
3905
9996
24
1292
939
4319
804
4723
3764
6047
4266
1710
474
5880
7034
7885
381
8707
7364
4146
7388
4575
4915
2279
8191
2019
7560
8004
6000
1385
8643
7220
1486
1746
5167
5918
809
3130
6771
1251
5006
3993
1967
7380
4964
2506
7154
8339
1753
6324
8882
540
2831
8798
4133
4859
2122
3041
6523
7687
1028
2815
6702
778
8941
1760
3604
4714
9117
8193
290
8183
6222
1586
5513
3154
2245
4715
7391
2254
1306
2117
2354
7816
1133
70
1421
4813
5223
5954
2779
7619
8110
6715
5473
7982
4545
5088
9615
7322
9371
2904
4469
2305
39
476
1698
3436
3522
8958
5175
4814
456
7093
4836
3891
4817
1580
2921
8307
5715
9901
382
6402
2368
9742
2975
7285
3677
5198
9120
9201
7359
1932
7392
6762
936
635
6938
7467
46
2572
5260
6199
5777
4752
8338
8230
8898
6493
6379
5573
2559
5021
6070
3850
2317
5465
3148
8003
1099
3547
6303
3017
6651
7
9604
2644
7210
4221
4756
6437
1538
4933
5489
5723
1688
3645
5619
5361
4835
3078
7991
6242
6219
7516
7228
7307
8324
8723
5379
4145
195
3757
8452
2401
8691
6168
9156
7385
8760
7689
242
8225
3303
5497
7928
5853
2625
3823
8615
6622
4997
9602
588
8434
6067
8661
4056
3779
1126
3153
2983
7964
9155
3249
8216
7274
2984
9576
6278
4338
5051
6544
3589
5574
4018
9865
5746
1397
3136
6915
6023
6564
7901
5633
7943
7580
2992
9215
7400
9399
6971
8197
396
7641
4175
9519
4536
1553
4748
9626
1889
3088
9741
7202
7562
8196
7298
7951
3101
3647
509
8813
6618
3444
7684
2057
2321
4036
2798
733
4489
7758
4480
3002
2996
4985
2620
8737
1799
3427
7949
9193
518
7971
6350
775
2485
6644
7487
2976
6659
4120
2951
5556
3705
9418
7931
634
7465
4163
5560
477
2111
2154
1593
3073
3941
7238
6658
5509
1570
4710
3883
5623
508
7214
6326
6325
806
4932
7618
4130
8972
6992
1863
7874
2276
7680
8947
3397
2035
9158
1378
2082
6459
3569
3026
6910
1077
1583
9692
2501
252
3699
1277
8644
256
2823
711
4455
6661
2110
4839
1662
5384
3751
6648
67
7524
3094
48
4205
8342
96
500
5922
9058
4761
2167
2223
3678
2990
6398
3183
6660
5479
848
7702
6990
565
735
2647
7286
8313
2474
5592
9977
2905
9048
2896
4680
6356
6090
8461
840
4449
8961
3216
5319
1696
4908
8929
8438
8809
3778
8317
4091
6650
5433
5661
6318
8413
2728
4871
2613
3702
3245
3242
7493
636
4346
1964
7592
6698
1370
9115
1842
4393
6965
5795
7544
7596
9634
6130
5170
3919
909
2590
5103
203
6591
3373
3129
6134
9680
3720
3985
150
5734
6025
2278
9943
2946
6599
8289
7788
3659
4533
8848
8109
2260
8943
2660
8845
1999
2141
2360
3684
4464
1680
6296
8252
8382
194
6171
9297
239
497
9135
6634
8295
3958
7974
79
6991
4824
4397
4954
8274
7937
5208
1559
5682
7737
7459
3921
6525
6383
7774
4736
7743
2446
2289
5897
4447
7677
7051
5495
5438
2981
2173
8628
1804
4280
2184
2753
424
9774
2633
6342
8746
4000
9657
4740
4093
2919
3576
8281
2338
3986
121
860
9698
4479
1663
2164
9456
2520
946
8690
541
6173
8360
8318
5168
1702
9021
4697
2430
5894
1853
8858
1032
1139
2140
1762
894
1632
6729
6156
5837
6181
8140
4476
926
1213
1428
1922
3401
5927
9045
4021
6166
5243
4587
8948
1808
6283
740
8185
9228
9210
8838
4481
2045
2775
9363
6744
2888
3755
6359
3796
4532
4468
2536
1855
2341
4302
127
5459
1980
1798
5342
8556
1359
8401
7165
7622
2631
5872
5992
8618
1745
6245
9635
6899
9105
3899
8352
4373
1387
5298
4762
3176
9838
9512
3027
2086
8124
9766
4097
7457
2997
2352
1654
576
8232
4237
9341
1957
673
8047
2175
9283
9821
4241
8975
6974
630
2574
5387
3561
5659
2272
3307
4959
4339
3160
3349
6293
2710
6884
335
5414
2236
8480
2444
8063
9802
4625
2980
1065
475
9293
5308
8616
2246
3822
5864
4903
7607
9026
6542
5678
2892
4486
8790
3244
2969
1061
1280
8486
4316
1089
340
9997
7846
2014
6625
9187
7001
1073
5380
7437
3083
2149
1841
7809
3468
4403
8094
5948
2661
3534
2393
395
3048
5949
42
3763
7125
9382
5858
3202
186
8371
839
288
9560
45
2886
7462
2709
9275
689
4073
5347
9603
3533
6608
1188
240
1719
4542
4369
1368
4876
7594
4768
8665
7496
6748
537
3838
1872
6271
7003
9125
4900
4290
6116
1011
2872
8101
4111
4399
1752
4652
5381
1108
3746
1375
674
9575
3791
5323
4218
7720
6204
5012
7321
1199
7859
7308
1990
9346
4918
5069
2503
9214
92
6524
3944
811
1043
5696
4094
3668
1914
1153
8545
434
7707
136
7813
2658
2376
7935
6110
8714
4344
5518
4626
9073
8384
6482
4478
7696
8178
460
8599
686
6253
3389
9579
8023
4855
6952
6317
8473
9138
1910
4348
4182
3566
789
1667
7312
7801
9240
3409
1903
8044
2324
6628
1531
1475
600
7052
9840
3192
6522
337
4279
4349
9267
1545
6800
4364
7047
9259
3526
1165
6518
5239
1202
3425
632
3301
3081
8802
6602
6888
7881
1201
8932
975
8359
8447
3174
846
7339
13
4635
2410
8072
8789
9242
6977
5874
9758
8032
2942
6250
8142
4504
5004
1080
8822
5745
8368
9089
4911
544
2555
4543
1595
3760
3799
3970
8885
4252
4677
1122
7601
27
3069
1276
9912
3748
7033
6349
2142
5733
5828
8916
8901
7597
8830
1144
5892
4673
3253
2749
7161
4889
3267
1229
862
1345
1845
7558
392
7290
7814
8872
3482
6466
319
6035
1495
5257
6527
1925
2930
3316
4185
2219
8681
2722
2409
9988
6776
9284
6986
968
5457
3817
8239
276
7089
9107
9394
6368
3074
7355
301
9670
4247
4059
231
9610
770
7352
3058
9479
5303
9476
5341
4613
9032
2581
9262
4164
5807
755
6483
7899
1221
9892
1369
4563
7428
2684
8131
2300
1149
8465
7314
5228
5893
5840
9118
3452
9084
925
9703
9592
8508
6911
7598
496
9099
864
6845
6914
5371
1476
5561
2267
9351
6515
1921
1673
4744
1832
1465
5448
838
1403
2849
5401
1454
7111
3039
6654
8612
6382
8647
4358
6078
738
8449
5322
629
9018
1228
5576
885
4922
281
5703
9783
3365
2627
6225
9861
2706
4991
9818
1779
9873
3614
426
5979
1795
9208
4989
7455
3798
7469
2646
4089
5890
4149
9696
6201
3439
8091
8398
4419
4311
7316
5138
5327
8586
4886
2924
2217
6323
2531
9106
9536
3710
3721
9122
4848
558
2601
5673
3423
1220
1687
872
7289
8542
5772
6443
5581
302
2315
5701
41
4375
7736
5337
1600
878
2948
9053
7331
2482
7079
964
2499
4796
189
3752
703
2754
6906
1876
4772
4394
401
6425
725
8849
3835
2645
359
1549
927
5121
6148
9401
8424
5127
6743
4483
3945
7886
1721
2128
8698
206
5631
5275
6065
2312
5278
4078
2287
8629
652
3688
906
6066
8627
9973
1248
1887
130
9493
6601
5990
2103
7980
4259
2337
2938
933
9582
9424
3215
7738
5492
8298
7229
1817
9580
389
9923
5544
1816
7968
1190
847
3772
9984
659
6411
7871
5767
1223
354
3608
4176
8495
5402
1366
5107
2373
832
5035
5752
1668
3819
4753
3922
4392
1286
3581
7582
4421
3501
3652
1335
1904
2970
388
7570
4065
7073
8174
234
9667
1379
1819
7614
8113
9931
3282
1140
8263
9078
1303
8716
9625
2790
688
2562
6896
3405
6688
7559
1022
9763
2570
9859
8730
1810
9335
6079
8367
2821
8407
5143
8592
2560
3255
6959
8773
2431
4520
4930
2108
2240
1137
4727
4162
8620
7551
4077
6306
6481
1529
6209
3379
4881
7016
2188
8380
5346
4406
5572
5936
6454
2655
3065
9658
3131
352
1418
6244
1003
2071
9390
1270
543
148
2242
7909
54
7103
3596
7317
7182
658
4873
6418
8576
3233
2568
9510
8497
1498
5232
1847
5616
6537
473
8501
9225
9256
3577
5610
7688
3926
5583
6041
4566
7957
6763
8828
914
4471
6442
2549
9637
9345
3261
2256
3499
9175
7136
361
9280
459
8292
472
5183
2077
4269
5609
8453
5157
1929
5802
422
4854
7970
5501
7990
8096
5276
2978
7789
1281
9656
2073
3606
2539
9750
7031
1467
6573
9128
3448
3843
7207
2991
3670
1972
7775
18
2847
4794
654
1336
6569
1393
8271
5751
1635
9447
5204
6826
7999
8152
3602
1132
5848
5120
223
8677
2253
8874
2088
5630
4976
6930
4926
3716
9704
5717
2209
2067
7645
8050
8846
1813
7552
4650
6026
5332
2039
4356
3239
9149
7423
9260
1516
8472
1641
4187
9319
9042
961
7927
6705
7498
6492
6080
6367
2135
2053
7651
9938
8328
5452
7716
1877
8074
822
9287
7062
316
6476
706
8988
5676
5966
9492
4945
5047
5126
9930
3912
5822
3882
5043
1618
4367
8816
628
8667
4155
9737
6508
368
7538
3343
4071
6203
8953
7144
710
3304
6941
2092
2046
105
7675
6305
2311
1400
5632
4522
1191
4510
7728
8715
9088
8686
8588
93
8904
5517
5538
880
3815
3075
171
6416
1325
6810
6786
7746
7615
9421
184
4194
3369
6122
9687
6002
9738
4521
318
502
7663
16
3099
3483
5672
4453
9177
995
6321
612
624
6504
5765
8026
2681
1942
5277
367
2713
4368
5684
996
5668
2481
4728
4519
2389
867
2208
4467
7650
2413
6892
6996
8115
376
9920
8864
7796
6125
6262
9064
7573
9999
8995
4219
6929
3450
7848
393
9376
5017
7973
1962
8805
2864
2148
3932
4398
2186
9209
9001
1761
4938
109
6978
3700
4153
3208
3873
4060
6968
6871
9705
5184
3096
8966
989
4168
2174
5589
1314
8512
8095
2544
7634
3950
5434
3722
2228
5240
5171
486
6928
7420
9015
5998
9483
1883
8136
7077
6580
5108
3994
5902
7282
9103
6369
8455
1511
6681
2493
3462
4317
3587
8782
8788
1647
7825
6953
4448
1934
8614
6686
9913
6127
7294
220
4343
4140
5613
9854
3578
5940
4570
7668
1865
2548
5844
1513
117
1669
9431
420
8740
3613
7719
5747
1206
6447
7260
3536
5605
1391
9124
3789
8537
464
1528
2941
9153
5885
9715
2624
5411
3399
5757
6312
397
2263
6997
7269
3333
970
7406
7129
5235
982
2336
5423
8027
1978
5300
2060
6422
1649
4779
4691
122
9959
8127
8658
5687
7698
1411
9605
2723
1665
637
573
9349
3821
4649
2042
4850
7025
8299
9484
7954
736
6415
1722
7812
5460
9302
844
3923
6784
9023
1684
6274
5482
6970
768
7198
208
2958
2676
8754
5178
6631
7368
8163
8052
2270
1197
134
1152
9523
4022
9953
5429
4216
5010
4012
158
3854
3410
1346
7506
4600
3712
7454
8785
7488
2604
4518
3868
3982
6559
1857
5486
103
8134
1734
5302
8996
3953
7923
5986
6851
6975
4732
757
328
3935
2651
1217
1329
9322
353
6706
351
8664
7128
2477
4330
327
1864
1935
580
8370
3224
3371
1927
524
7257
5725
3615
1675
8570
419
5390
8823
8376
4327
3532
2973
7000
4687
1791
4181
3217
2688
2293
8500
7765
512
372
142
6987
9515
1245
6868
4482
6890
5551
5344
9325
3272
7676
9495
9906
1164
2778
6854
9677
255
7944
7336
1279
2345
147
5832
350
2143
9946
998
3580
2583
9313
9429
384
8040
7986
3795
9426
3942
3479
193
6470
6299
8492
8300
5494
3626
9050
9041
9557
6907
1613
6815
5869
9718
8392
8968
505
967
95
1953
7101
3874
7460
750
9496
9961
7873
3010
5730
7427
6021
4032
7417
3601
9406
9727
1427
9524
4786
1500
1257
2523
2602
4229
3959
2616
3962
466
4214
2693
3598
9799
3218
431
9183
6501
9948
7181
9218
1330
5983
5906
2834
4583
7826
4661
9985
2642
3907
1263
5744
9723
3590
1014
7458
5521
3055
6571
8538
3372
8911
9780
4977
7113
1162
3063
5450
3047
6381
5830
3164
6617
1983
949
3265
3840
8051
1243
4225
1949
7444
2768
5548
9564
6178
2582
1666
8784
14
585
2377
9333
6520
6652
5925
4441
8144
8744
483
5358
5205
6344
681
8519
2127
2751
8820
405
1800
2200
7440
1895
3525
1020
7827
739
3090
3929
3541
4440
1896
2031
8883
4944
6433
3169
8606
8878
1838
2687
7883
3519
7024
4657
145
7842
8466
7398
2760
7955
1398
7771
4528
2382
6817
176
957
1483
1617
2534
9869
9170
3767
8853
2259
415
5086
5226
6678
6175
2065
5756
1725
6816
7108
3585
4689
2937
8377
6588
2226
6372
9729
6903
2041
912
1207
2878
7766
260
3270
2033
2945
4790
9134
143
8977
9897
7153
4950
4513
828
7891
8926
9521
3137
5635
609
9090
1219
307
6839
358
5418
662
8534
7948
6087
2134
7491
2964
6958
8159
8046
1047
3870
9010
6666
4676
8285
9096
2776
5037
2998
9016
2824
6261
6255
8759
802
4276
7679
6043
3500
4505
884
4054
8515
3003
8491
5078
661
3943
607
391
1732
6258
9043
1247
8984
5367
5503
2349
5911
5376
7303
3082
3761
3364
6309
4804
7009
7829
8087
8436
2853
9024
8650
7099
6210
784
9211
9964
5758
2729
8098
9233
9709
6946
9731
7803
1241
4907
4062
2037
5134
9748
3097
1142
571
140
1332
4298
3042
9185
6676
5289
2316
3318
7106
3851
9454
8963
1205
9905
9753
2504
88
2597
1337
4251
2578
43
8322
4966
3251
963
9549
5151
9310
9161
3114
6417
8544
3827
6361
3151
702
3070
1068
5122
5881
9917
7371
2985
7158
7436
7382
5248
3440
5022
915
7301
7358
1890
2717
7412
1381
9403
6796
2197
8207
212
523
185
8241
8880
3769
3331
8195
9020
4957
5763
8980
3214
51
7701
5809
641
1356
4465
6824
3040
7708
7572
6972
6749
9612
8220
6988
8593
6825
4352
3496
2087
8206
9057
6189
8123
8589
697
4284
7442
9452
2069
9566
5219
22
2434
5524
4893
8969
2492
407
593
2441
6348
4154
4720
3901
7193
2744
3660
4663
172
8539
1056
8566
7246
7869
5496
2314
6502
190
5318
1175
6820
3736
5861
3419
7081
5857
2783
7907
7421
5461
7221
3731
1581
8633
8768
4119
2972
5958
670
489
9308
7851
8745
2643
5910
6713
843
4446
2537
3053
1728
4103
5512
6401
3623
1360
2213
4262
8399
9470
557
3954
9289
9543
5867
9663
5691
4530
7300
6954
111
5695
1714
5255
6
8084
8012
8530
1062
86
2755
8726
2844
8684
4866
8733
7201
583
8476
6852
9130
9638
349
3076
6736
8086
4925
333
8630
1027
1682
9795
5436
6111
9697
8935
4593
3805
214
2796
6913
5112
4759
4278
457
1912
9151
1778
7155
469
9506
3910
3753
6008
9768
9140
7565
826
9621
5724
554
6490
4389
9477
3976
9860
7839
402
4681
9991
7856
6655
7838
1561
4874
893
6740
5125
4049
3493
4458
3013
4982
9304
6384
6605
8070
9298
1048
1788
7699
7500
7621
1543
4785
52
2923
8548
2224
6229
6550
9550
7617
4734
9526
9035
7818
5606
1720
1709
5665
8676
3964
9110
3711
4374
726
3713
805
5259
4147
3062
7044
4928
76
166
9874
5391
935
1180
1664
8887
2465
4937
4390
9848
3890
3869
2084
5116
270
2630
6190
4006
7310
5305
9182
1814
1965
520
2185
8551
5680
6343
9216
1192
7591
9504
5749
6842
1135
1168
3544
1326
1172
3438
1081
5951
7921
4207
416
7430
9095
4591
3605
548
2612
2048
2979
3385
1394
6867
9274
7810
4128
7550
2040
7571
3326
6354
1193
1148
831
6183
7071
4325
3220
5957
9340
1287
7545
2816
8582
4199
5694
5934
8839
7717
3205
4996
8264
4729
5793
4236
9655
7094
9773
1491
2350
7095
8088
1013
5924
5076
1445
3826
4381
3877
4029
3624
9200
1556
2471
3978
3248
2865
9947
6095
4424
9393
4631
5062
8397
1859
7525
4002
8464
9191
4355
6093
7350
7132
7777
9597
9837
5547
3250
101
7253
1074
108
9068
2830
8423
5731
9841
30
891
2745
1264
1340
138
9511
1029
8561
5818
8518
3143
8862
8974
8470
4929
913
1830
9255
3579
1642
5288
8696
6691
3690
5377
5131
9559
7657
966
941
8425
2292
2369
5110
5238
3247
7852
5648
8608
7735
1823
9172
2282
218
7058
6407
8417
6623
1082
7219
2670
6721
5819
9121
7367
169
8946
6104
9847
4335
2880
5374
3762
6653
5594
2789
2261
5908
2388
9588
3064
322
945
6213
8821
1508
8775
9219
5916
3531
5973
8073
4802
2731
4667
294
2070
4743
3203
2638
8939
5898
7600
6246
6358
9434
501
8056
829
1920
3951
4608
1835
3701
6006
5704
6933
2773
5541
521
8892
4333
3915
2860
1374
1255
7284
8827
6441
3881
4962
5144
6578
9756
6949
4048
7241
3060
5117
7168
6837
2650
5960
9131
5882
2995
9686
3632
1943
6624
564
4731
3362
9433
8279
7390
6909
1128
6272
728
4904
4253
6818
7342
485
9413
5213
3841
1878
321
3774
9370
1558
1743
7960
2840
2944
6723
467
8841
2871
1260
9788
1225
8721
1902
3092
8301
7085
4043
6136
8168
6656
4574
6701
7468
114
8781
9827
9563
3019
6943
2032
8533
5254
965
8039
2835
4380
6566
3376
3387
9147
2857
6314
9965
5525
597
4654
920
5939
4267
4888
3521
1309
8734
4968
8909
536
7861
4116
4832
8348
6739
8244
9324
5317
6094
5651
6108
4268
6429
1690
6089
8587
3193
2147
7109
4124
5355
6893
6238
1945
9276
3672
4579
1189
556
4272
7264
7332
1399
3294
7059
6684
1344
4045
7854
7105
3051
2215
3742
1741
5018
5343
8928
9196
5217
5224
5272
8395
8268
5279
1703
3086
258
3612
7593
1661
5543
4742
8924
8688
1704
8573
4787
6120
9573
4992
5467
2329
999
5961
7537
8153
494
3128
8484
5776
5245
2210
6557
5349
8358
2404
5640
3698
8547
7705
9291
9063
1196
7520
4834
6802
3809
6374
3549
7682
3911
7297
7378
5154
2346
4913
9590
2508
6040
1304
2621
3337
4620
170
7798
10000
2961
4170
9955
8373
2982
100
4671
9404
528
9307
9902
6281
5638
5140
2075
4122
6232
3290
2609
3560
3718
8121
7835
9061
3059
8130
666
7281
8022
2672
1100
896
441
9266
4525
398
1603
7319
8934
2714
8522
6503
4418
3924
4872
69
9425
8687
1724
1113
7917
533
7394
6731
5415
3694
1963
2466
7815
7844
1653
9249
4621
5111
5843
4291
3961
4100
7133
9109
7763
5388
1009
5026
2977
9880
8351
1514
650
9444
8811
3892
1214
5642
8558
4210
8057
84
7946
6864
7209
6985
4179
877
9693
7836
1560
3717
7135
6966
9845
8385
3971
615
5329
8997
3680
5738
9809
1765
3889
6340
1341
7976
7450
3173
1574
5554
2178
1415
3555
7486
980
9019
7996
99
5399
479
4644
9632
4261
1509
9685
5970
7608
516
2908
334
9552
2518
3391
874
9568
6663
9614
4384
9486
4167
6853
1756
8611
8302
4085
9231
6180
7015
2202
6795
6948
4554
3523
5808
6752
2813
6814
7185
9595
1053
6059
6857
4615
448
4568
5233
8957
6421
3033
2746
8694
4137
2072
3739
8448
3887
8400
7399
8184
9408
6091
5066
3011
2304
7167
5987
6347
4024
5912
9596
5042
6081
8303
7636
1358
44
8081
5437
9465
749
4963
8404
4263
4494
4301
4321
9160
2052
2875
7038
5296
9990
9927
542
5090
7360
2266
9461
9654
1727
2288
34
5938
4396
4614
2022
5475
2614
1503
6160
1273
549
7595
2271
6275
8198
1259
2280
8675
2925
6298
9533
7509
5657
7741
2397
8649
3787
6529
1052
7925
442
3177
6456
3591
2180
6584
2447
4134
3284
5980
3510
3984
2989
412
6488
7351
1406
7779
8194
4411
2207
810
978
2955
9810
2971
8176
7505
2415
3507
6976
1783
3537
7189
8510
2914
1612
981
5059
4184
8905
6200
7870
1031
7409
6450
4432
3875
6019
4760
8248
3849
5428
6643
1705
8429
1576
8761
8505
7452
5268
1150
3810
3028
7146
9
7740
7626
1850
7354
5671
530
7323
5519
1240
4423
7853
7477
3289
8506
7011
3917
3646
3628
5480
155
7117
1614
3299
8474
8224
7148
387
6733
363
5155
3473
3306
8394
9162
7610
4567
9439
8006
6138
8490
8857
4260
9627
2056
7718
7006
7064
7244
4201
8750
4557
5350
7271
2530
8340
8228
9908
907
1338
5253
9646
1769
7240
3269
1072
6856
2427
3603
4160
1777
1994
8259
5835
82
3416
3098
1976
6004
2049
5136
8253
5079
4041
6781
9767
6696
1867
35
2607
146
8071
3651
8679
3992
9129
7299
4274
1638
4778
8756
4466
1563
2294
20
4067
28
6165
2472
1588
5975
8915
2926
6877
1125
1874
8305
9980
669
3661
5930
9440
4245
56
3296
291
2781
3542
1224
2707
9777
7288
9392
6920
8960
7441
4038
8213
7667
8678
2367
5959
4171
7787
2025
1136
463
2235
6117
8720
62
5532
5056
1320
4107
433
9801
2432
2898
3518
8772
4391
2383
3465
665
5530
1717
8025
8061
6995
519
6100
2211
866
9261
6881
9528
4288
4920
5728
7295
3292
4857
3829
5488
3999
2426
9464
8859
3481
766
7048
9441
8357
9446
8625
3811
4704
6886
5033
1826
9945
8233
1933
8623
6604
8783
7275
3435
3
8283
4764
262
4599
6297
1815
834
2700
6465
2428
9551
2603
7410
3486
3888
9828
7584
8938
2629
287
2877
4224
5145
3737
1944
8201
9586
2459
8817
9174
1519
9190
7535
1564
495
299
9250
9619
5293
2589
3948
1390
4166
3212
5759
9474
1507
1006
7644
7528
3475
9066
7083
2011
8104
863
8083
5602
7040
553
8778
7270
7896
4629
7578
66
1319
8671
9030
3104
9123
7273
7786
4231
4524
7026
621
1154
5286
7764
5907
9904
5417
3377
790
3167
2420
1458
3876
4503
2716
4806
7475
5382
4993
1622
6725
4653
7357
9994
1644
6574
8866
4431
8064
4061
3653
5510
3575
6528
182
3366
7673
7900
7180
7800
9716
2394
3274
1768
1216
9983
5422
3413
9395
2189
7370
9013
7008
8155
9633
4388
1087
2418
1437
1926
1640
3913
1002
4308
1601
4838
2580
8122
4805
3620
1860
4463
2519
2738
4108
7521
5416
6498
532
6509
15
9150
947
200
8282
9844
4552
577
9567
6211
468
2405
313
336
6551
3952
853
4226
4581
7824
2959
1040
3396
4233
2241
8884
5604
7781
2682
4712
8451
447
3682
7828
5905
8209
1621
3937
3564
8234
7507
6516
6788
7887
3609
1744
1569
7638
1998
6582
8280
5160
5092
6926
2524
78
9786
9951
249
1295
7302
6468
6300
2452
6674
2922
7711
2632
9438
5013
5615
8471
6430
2500
1834
5074
1008
5563
4151
850
4297
4292
4555
7513
1116
6375
9804
8311
6955
9607
6484
5699
3089
188
7977
7362
2333
4558
3388
4707
7799
1544
141
881
1546
2201
581
2943
4242
4509
990
777
7568
6260
6889
6102
2234
7254
2097
582
5845
599
7280
5174
4222
1401
4499
9379
8021
3643
284
2281
986
4699
4412
3777
3754
5236
154
9694
9133
9577
3640
9195
6665
4507
3540
4722
4150
7653
6328
9141
11
5810
8855
9295
4350
4305
9330
8532
5528
7515
696
7694
3111
5427
87
531
3820
5783
1897
6568
2920
4868
4013
3725
9449
575
7692
1317
8082
2302
825
7184
8079
4800
608
7897
1740
3530
1610
2988
4204
7343
4684
4708
6174
8925
451
36
8383
8165
6633
7206
908
1351
2488
5799
3836
1879
4086
2028
5693
7845
2735
3657
2736
2489
2910
6685
2264
6649
2512
2685
4891
5789
9423
5129
2320
7179
4382
1616
7304
992
4211
1781
8801
5169
6435
4698
9684
113
4887
9480
1490
2884
5007
346
1112
3703
2596
9540
72
2330
8105
8856
4264
7472
4793
605
1691
9194
2516
5064
2893
3411
6843
9145
887
3134
4576
2862
5778
9412
8776
5522
5895
7007
1875
4183
5493
9414
3283
3600
2181
5312
6215
4939
7961
1066
9411
2742
3476
4232
1771
7742
2366
7770
2592
7215
107
9957
3165
2469
1866
5505
9534
8162
4578
2542
7175
7904
1497
8058
3770
3014
9288
3355
9926
6202
1302
7633
5624
4980
9353
7751
1620
8010
8276
219
9969
997
423
175
4569
4531
6055
5141
6327
4451
9463
1420
5099
6137
7131
5926
6391
522
6063
6403
1410
9114
259
6054
1917
2615
3563
7995
4180
6635
4345
4443
6611
6393
7318
3790
4099
7035
3356
9051
8936
2545
8889
5386
9361
9790
9807
7494
8416
5914
6436
6646
4135
181
7649
1554
4031
3681
7792
9857
2443
9817
9253
3981
2846
9083
6932
2804
1049
7296
4946
5803
9171
250
2780
8605
6234
3749
6449
976
9720
3138
4459
6143
2525
3729
9824
8937
8819
4924
4314
4879
8256
849
6152
7567
2390
2936
507
1212
3342
631
2251
2724
917
2683
6431
5824
1432
4685
8617
5225
9907
3246
6673
187
783
9558
6440
7807
1086
9547
9203
9647
6172
5780
4517
1790
5953
1485
2805
7030
2440
2585
6408
7867
675
4433
6679
8415
1318
5454
959
8806
9271
1447
5707
2359
7433
3237
1266
6052
499
4705
8350
2727
6018
3116
1035
6257
8779
1782
9910
8261
6732
9111
4988
5227
3599
5008
5920
8297
5244
8496
3619
1582
2218
339
7195
8133
6062
8309
6056
1567
2718
1158
8577
2543
8265
4025
1824
8444
5555
8660
81
7279
663
6539
9369
4159
2659
2855
4429
3955
4882
2231
4470
244
1416
5363
2911
5083
2538
5791
9272
6999
4285
1729
6862
1138
7830
8314
506
6150
1291
3127
4560
859
9022
5710
5567
2099
9950
1371
6692
5164
9264
8045
7422
7546
3414
2285
5281
1526
973
4821
1450
3374
8554
9843
3254
3908
4098
3091
8331
718
6012
5700
7564
5729
1930
5720
1095
1444
1839
7700
3963
2165
5313
5094
1147
9343
3152
8504
7347
7248
8836
9166
7588
9529
2954
9794
515
139
9606
7548
9751
5071
55
5645
2737
5409
732
7127
1767
4008
6805
9359
2402
5761
1057
7715
8060
6790
9243
2915
5400
6487
9853
1776
454
594
2606
8502
2747
1948
9962
9736
8408
4087
5849
9967
4788
5976
8
8595
773
2
8654
4713
9234
8774
5831
4735
2696
2416
5024
771
7666
3404
5515
9087
2832
2818
443
5599
3856
8315
4491
4984
2712
4376
8459
3671
4641
8432
366
9036
5055
3775
9651
498
8049
4003
4106
305
5664
7892
1677
6015
2079
1462
1227
3310
4034
1626
2547
8555
9671
8725
8850
6011
587
4046
7340
1539
6405
3732
1801
2811
7837
8431
7499
7037
3586
2162
1577
6803
1797
4079
657
455
2146
6847
1534
4026
618
1537
7377
9097
8161
924
8933
3636
4289
7434
6467
1117
3061
7579
6848
8257
3186
918
1025
1683
5999
390
5743
8219
7998
9702
7940
779
2882
1208
8238
5421
7549
385
8792
7045
8078
9300
5618
6388
4052
2344
3828
9054
9746
3903
8069
9887
9326
7811
3825
9385
8135
8187
2090
551
2008
2887
8316
5477
2994
8106
2177
2325
4577
1706
5119
8294
7989
5180
9894
9270
3201
267
6829
4970
7776
5352
3035
5498
5161
9025
4239
6716
8097
487
8753
3120
782
4741
8749
9384
3119
2557
3627
3352
1107
9722
8869
9332
9544
3969
4919
1759
3625
2734
2182
9104
1997
6807
439
1457
1636
8918
2703
2829
1236
4956
8335
7648
4306
7276
2187
4730
1598
1784
9157
8758
4842
2006
1333
6084
1232
9457
4256
7654
6594
5359
6707
4190
8154
4718
9882
9886
4634
664
7620
3188
7445
3286
5786
9849
2358
9475
6969
1584
9992
4318
2119
3123
2453
4500
3813
4529
8695
1477
922
3687
6380
1288
5722
3230
9286
4936
6037
25
9640
7425
1707
9868
9451
2852
8893
9044
5942
9248
6799
3621
9119
9653
1520
5636
4967
135
4033
5041
4055
6029
6945
60
5620
4890
2809
2963
1657
7395
8710
7115
5306
8208
780
2375
6838
6756
743
5104
6208
1237
6472
3351
2319
3759
1833
5689
6596
4526
1975
9639
9885
2874
6301
7053
132
8709
6891
4030
2573
5447
2690
9823
7266
3402
5487
2433
8231
3860
3182
5601
5829
5326
5654
2274
5956
7464
6164
5608
7287
4912
8138
4828
7100
6473
5873
9338
1608
2484
7049
8365
5202
5859
481
7785
8891
7783
9648
6132
3043
4255
8632
3456
5366
8787
4409
3263
5176
3554
160
6722
6320
3191
2130
9966
2378
6237
8128
4457
1941
8366
6007
3837
4875
7438
3683
3066
3180
5218
4642
9572
5065
3346
197
9503
3172
9364
2719
824
4952
9102
3502
8717
5206
4019
3666
264
4590
8245
9929
4353
4885
7096
5945
5152
6131
3007
694
2385
3676
9889
643
8818
207
484
7511
6124
2933
8059
5742
8272
1352
4110
64
3995
6197
9373
6351
2093
4971
8584
9734
9829
956
7234
1463
4371
3195
8527
6935
8748
1585
4413
4462
6612
4646
2756
627
6363
4934
7492
9008
7338
8840
9513
8363
7541
9165
8921
8362
6711
6259
2203
8648
2556
3275
7152
2286
5855
5165
3949
1645
5967
6221
2408
6220
1055
3726
4547
6218
5032
6844
8182
9733
7203
3108
4751
5476
5989
4249
4488
2355
9739
8711
7004
7247
1809
5545
9721
8033
5943
8835
6697
3509
6917
6714
5779
3489
6636
2351
102
3087
5913
5023
3132
1891
8796
3664
3492
7855
2487
8752
8777
3431
1928
8080
9490
6295
9072
6962
1527
8111
8226
9740
5028
4892
7918
7834
8126
1615
2678
1812
3679
1409
1044
1091
5085
2876
3864
667
6489
5321
9878
2584
9660
8978
1209
5842
1182
9070
123
2701
2986
5762
9832
7747
2673
546
1441
2356
3706
1611
7050
4763
5115
7138
8851
9772
6789
2907
418
1606
8810
8591
9347
7542
9681
3506
4906
4439
6812
6936
1488
8369
8764
7642
6291
511
9755
4844
1820
1115
3021
6908
3989
1169
5647
1499
8028
4416
1313
9919
1449
331
4157
5716
8950
8735
8260
2024
1604
1365
6791
6249
296
9903
7643
5491
9268
6964
8541
1254
559
2155
8170
8332
5426
4454
8635
6463
2957
4474
3106
6145
8172
3113
4901
6592
6942
8868
7884
4337
6905
4535
414
308
403
683
4534
6541
8011
8713
1637
6362
3472
5614
8564
1294
3528
1947
2639
5805
8766
7137
120
3422
5681
1438
8296
8427
7156
623
5598
5003
8663
3477
6708
6045
9589
5993
3407
613
7435
1522
6371
4994
2153
7091
6352
7145
4362
5585
9952
6613
3595
3894
6902
7010
2044
1843
8622
3934
5904
4047
9420
2636
994
1386
9126
4188
4870
753
2564
7731
1849
9618
1301
3124
3633
5915
4818
1293
8275
5981
1268
9029
9033
8837
1129
124
9312
3323
1969
9556
9771
10
2017
6616
3194
1699
7979
2265
9257
1693
7080
1097
1186
3196
177
817
677
6376
601
4808
9239
4758
4515
3293
1650
1363
6499
4809
8288
9244
9327
7224
2423
2759
6331
1102
4612
8870
9724
5714
6593
2191
747
1350
312
7847
2448
4141
2785
9460
4595
7942
8333
911
9380
2791
3467
7662
7914
2867
8656
1535
6521
6214
9254
3928
7414
9388
8729
8205
9136
8254
7983
19
1607
2277
9594
9555
5675
2047
9230
5407
9285
3317
1256
8227
9245
6319
9599
6615
792
444
6780
7994
5813
2510
9982
4807
752
5698
4007
6187
6822
4846
9833
3696
8712
873
679
5667
6058
7932
4725
9911
3803
1244
8621
9778
5353
4754
2733
9936
2965
1161
709
3236
98
5937
8964
6669
3756
3865
2195
6170
8160
3956
9525
527
7879
8923
5658
