10000
9170
3882
8947
8996
6601
7338
8405
6972
8685
7630
3596
6180
9637
6350
7493
8283
9275
2057
1561
1894
7375
2099
8263
4807
5396
2621
1467
1400
5342
9378
9870
5979
5570
237
2119
72
2410
2073
9902
5301
5465
416
1227
8388
811
4677
836
573
1024
4287
3540
7128
7329
3739
4438
4394
9253
3669
668
2114
1690
7692
4180
2947
1545
1980
7853
7610
7689
6753
9357
6920
8916
3566
3588
2329
993
6012
9842
7273
1454
8346
6307
3629
5969
5368
9478
3039
5631
4631
5485
8441
517
2931
615
162
4919
6401
3658
9454
6065
2117
7900
1152
9084
6921
9192
7487
4065
4670
6314
903
9202
4927
9406
5149
629
1975
4048
6252
583
4766
7010
9399
1886
5712
1912
4135
2476
9672
2710
6356
3886
7003
2301
4145
6
3631
7412
4041
1818
4445
2206
8403
1296
35
395
4025
2238
4884
5357
4923
964
436
2981
9411
9609
4323
8762
8658
4782
8143
5627
3071
4043
5577
4701
5679
3519
2820
6752
8551
1112
4764
5076
152
4393
8252
9012
1603
8910
523
6825
7224
2525
3164
4039
926
8678
4348
7301
2745
8156
7011
1824
45
3464
2343
5839
7814
7876
557
2291
5688
8852
4042
3772
3559
6821
3348
6128
8750
4515
8721
4439
1901
7328
4714
639
5277
3451
7968
324
2668
4376
967
7766
6489
3373
2696
9788
3612
1857
9327
8714
4371
8739
8533
9354
6370
2200
4250
6392
3301
9984
8104
2307
3362
1736
1015
4213
40
3032
4921
1929
7427
9417
8788
511
6877
3711
5888
1129
2033
2385
7694
4672
4525
6931
6318
2933
3604
6283
798
4783
3991
97
25
6676
1944
3513
1828
5868
4224
21
1770
9143
8634
7666
2854
6845
9742
1133
753
6947
2259
9016
9035
3854
6349
168
1950
9855
5754
8209
1867
3458
9908
7213
8881
8719
4796
9383
3600
1979
3939
1581
280
9233
3695
1575
7679
1234
3652
644
6603
7579
2641
5444
8718
5875
1505
7382
8792
4903
5044
2943
9834
9876
3934
1727
1767
131
3369
1209
3175
9936
8644
5231
2651
7051
9054
1559
2572
322
7775
5217
7868
6119
3011
9196
3957
9049
9262
4088
8789
2946
6223
542
6876
424
9064
5818
82
1998
1160
1001
677
5298
4399
1215
1360
308
9558
6646
7799
1648
2550
9725
958
4519
2505
4603
7022
1284
8464
9770
6600
7904
3965
4193
4159
236
1219
1573
3321
9292
1249
6355
5934
5461
5107
4433
6049
736
5998
2000
8568
218
6765
7238
4593
5767
7388
5128
422
51
7429
460
4771
5291
6594
5748
3879
4600
4271
1037
7323
4552
8677
2743
297
2796
5477
80
977
1837
8277
3228
1903
1905
5989
181
880
5804
4084
8256
2546
5240
3392
868
9263
4960
2168
2275
4904
283
3358
5043
6636
73
8461
4902
369
6274
6683
519
94
5193
857
1763
7751
3377
2681
8979
329
1257
5630
8420
8758
9613
897
5347
7143
7986
2692
6148
4358
3460
4557
8118
172
6426
1002
8031
9808
1672
2162
4637
5086
6710
8965
9037
5965
7600
8406
945
2720
2290
1237
5170
1535
6859
9287
8203
3182
4508
4560
2496
4234
842
6689
4583
1085
1398
1879
1958
989
6032
3161
4315
9580
3948
7688
4700
6630
4274
6777
4275
6233
1556
5518
8311
3089
5008
3830
7919
7322
957
6366
9744
4870
5665
1156
8931
6239
1011
401
5924
6686
1739
8350
5620
3249
5787
2693
8623
2289
7559
843
5521
6609
1450
1614
3707
7144
3520
702
7755
8694
553
1165
3736
321
7578
4123
378
5249
506
9506
2815
9254
5199
7169
275
226
1508
5404
6245
4755
64
6805
6083
2869
1676
965
3329
4373
1734
4698
7760
9160
5701
4468
9394
4303
2554
5492
8325
7945
3406
7821
9698
1948
8927
3334
7029
3990
8008
2686
5793
3775
4330
1342
2304
3484
4276
4122
7992
9524
132
3910
3138
1697
302
5908
3589
4116
3302
5605
7756
7306
4588
1992
3444
768
8751
6833
9145
2145
4282
1161
2409
676
7170
4831
53
2711
626
9564
232
418
4378
4668
8180
4148
9259
2236
7972
6427
9999
9248
2775
6432
7829
6512
9626
619
829
4564
8950
3573
7671
8145
2044
951
3836
2442
4198
7866
4949
2596
9597
4064
6382
646
2522
4242
2483
5237
1662
4690
3
7847
916
4943
2586
8408
2705
9423
5336
4449
3378
3668
4916
2104
2331
1483
9773
8768
9266
2482
6195
8954
9318
4342
6505
7408
7075
7004
4546
8314
7419
5206
7670
5951
9835
9645
7123
8578
6718
8042
8198
6763
7497
6703
503
4967
9565
4518
2244
9295
5153
3258
7358
6204
2078
4390
9643
4308
216
6891
8216
1920
892
3756
6285
9223
8274
1177
9663
1500
8260
483
3429
2031
4434
4867
2993
8002
1119
7187
581
4267
657
9921
5902
7623
3568
7563
1789
7622
1382
231
6590
8284
3609
7789
2808
9872
8928
6068
4444
9986
1355
2189
5452
30
2760
5680
5948
1856
7007
3201
2271
2773
7472
9857
7920
3657
159
4890
6530
6960
5660
7598
4979
7566
6983
8290
8999
8654
8984
1965
4566
5015
5900
3366
1468
2706
5150
3688
5380
1218
4075
2128
7537
7118
2886
447
4502
5946
7620
5986
1688
9711
9131
6112
7805
764
485
1983
5590
7940
7339
549
7068
63
2
9228
742
3160
4663
2939
2973
6627
9419
8645
8127
6450
2961
8976
6656
291
5221
1175
6021
7189
6541
7024
4469
2637
2647
6971
1700
6472
695
333
3719
8044
3971
3805
4309
8421
6050
8098
5971
8961
5792
2876
5576
8264
5334
1405
1374
8782
7839
227
5608
7955
792
2520
9824
5648
1802
461
5972
7974
3415
8229
124
7584
9219
1074
1911
8472
9980
2690
4073
6758
2282
5054
5758
2120
6534
5314
9324
7309
1423
2911
2018
9079
6387
3248
7634
7476
7958
4649
1899
4965
582
4253
4513
219
5785
9432
5187
4966
1445
2998
3417
5423
7376
4273
2254
1520
5101
1097
6045
2549
678
777
9059
808
9786
9715
6260
2313
1670
2636
8390
5944
8470
5563
3645
9332
5228
1052
6554
4638
7158
9065
8266
5651
3025
7792
8168
787
3615
9531
9046
927
4994
5339
5949
50
7357
8407
5604
9940
1329
8557
735
3842
887
2443
6249
7925
9361
6997
7713
3603
8422
1375
2812
5925
7740
9805
6662
9887
825
2408
730
7921
4421
3086
7108
1471
589
9321
3533
8844
4024
572
4938
9781
5114
4365
1552
5364
2123
8968
7570
7779
529
4555
3279
6089
4493
2527
4520
931
2811
1814
8052
6288
6934
9666
837
7150
3318
3157
3403
5991
8221
8153
4958
533
2689
7697
2759
2320
4047
3782
4658
4427
2172
4029
341
8786
1182
9118
6770
5862
2884
3999
1344
1555
2015
1266
6508
5371
2348
6628
8746
270
4713
4475
2807
1277
5852
2185
3562
2994
5422
3399
4956
5996
8774
8017
3678
1627
9008
2336
6604
8467
774
3341
7470
3212
9269
1365
2309
9783
3706
7049
4879
7132
6991
84
5830
3773
5681
5988
5737
5320
5914
3737
6550
316
6723
6626
9896
2005
7055
5031
1366
3216
306
6844
7659
7601
8378
7235
6682
5980
1044
8772
5801
2887
176
2857
913
4223
16
5645
5822
8125
130
9291
273
2679
3195
1416
7247
6452
4266
7446
15
4536
9393
7335
6353
400
7548
2714
9747
469
8424
9165
7591
8488
5774
1610
9560
320
7544
763
22
2495
6715
5278
8101
3878
5930
7094
9844
4535
4279
660
3319
2463
7268
4594
884
8313
8683
7057
6480
1577
2955
7907
3802
1420
1279
743
5071
2131
6463
7229
8651
7101
5139
89
4021
1479
5288
8611
7361
5992
1844
8302
2863
3256
7998
6485
8810
851
8382
8549
5614
1896
1722
5013
8343
1860
9949
1193
2183
2198
7039
6440
2205
4857
2292
3328
8136
1653
2910
9542
8529
2392
9873
7505
7858
3630
6134
1473
6413
6751
5225
4950
9442
1188
9923
5662
6428
8724
4948
3465
724
3557
2399
3128
6964
1848
9099
1039
5377
6269
9376
5051
2373
2800
4630
3382
3217
9507
9530
5264
8288
3958
8933
7168
8301
492
3058
7859
7110
8643
4125
3564
2660
6660
8081
5586
9136
949
4531
6435
2562
8245
8941
5710
2526
20
371
847
2498
1090
8235
2080
1485
4113
6123
2597
9649
3832
5819
7031
6830
6700
5602
1035
630
6308
8066
4456
4229
3925
5821
3803
7677
1031
9710
1437
4993
1959
5607
1103
1602
43
6888
9670
7065
2356
8967
2823
9311
1275
2609
9465
7936
9761
9218
2204
2656
2529
9764
9036
7642
3316
2623
6666
9356
3478
1413
1297
3728
5413
8250
4524
7673
8726
8204
4121
4507
1684
8783
1663
3140
7260
1144
6419
1412
6034
1242
125
4184
5927
3788
934
318
756
3488
2452
9349
954
9589
6661
7492
4633
3269
3536
6236
121
4621
6865
7654
7696
2726
5936
8417
2177
3734
2184
5451
5056
6745
2414
8315
2905
266
960
1651
1991
3430
9030
2278
3667
3525
9493
8912
4101
467
9410
7059
2769
1489
2382
8914
7509
4767
9226
7944
5081
5834
6189
8438
8337
5275
4372
2429
8395
9474
5803
8814
1668
656
4092
1289
8776
3469
8684
8128
7918
4945
1159
6768
3436
5110
2583
8907
2957
8622
5650
3962
2484
9801
4511
9646
3811
1827
4054
3044
7741
6989
3147
3967
2019
156
24
8924
1841
9294
611
972
9570
5126
9351
7190
4435
1584
4815
3209
6764
348
2047
2770
6332
5213
9662
4268
6943
2990
2352
1142
832
111
4264
3883
9125
9806
7690
8479
4932
7343
7617
9023
9639
3643
902
1006
8259
9945
5510
5059
411
2355
1538
3002
818
5016
2648
5073
7414
9106
8322
83
8905
930
4196
2965
4865
6982
4451
5421
8655
1081
9086
5538
4181
9547
7747
710
6001
9201
7965
2215
8513
6543
4576
8352
9215
5075
4711
8227
6642
7332
9315
9204
9317
1369
9536
9038
3252
5055
5010
6647
4437
7012
7528
5012
9126
8344
7398
7451
1332
3900
9150
8859
1280
9085
7308
610
2503
8387
3951
7846
5337
8862
8584
5489
9905
2978
2040
5800
2788
1302
999
7952
4005
6136
7813
6792
9309
2738
4311
4565
1361
1250
2485
3745
7233
2456
4165
6725
5265
7969
8483
3634
5233
5729
4089
5283
11
9912
8075
8793
248
7815
2856
2907
4614
9087
1609
7612
6633
1050
9003
5778
6481
6010
4675
2437
6259
360
5343
7485
9205
8662
5276
6564
692
9362
222
458
9917
5603
9156
9899
8909
5945
875
7313
7397
667
4072
1621
6237
7196
6511
6811
8132
5601
5062
9073
1321
1742
2552
2871
5807
5618
5399
5579
4936
2642
9523
7967
9060
1439
2847
8141
5901
9575
4192
3676
2330
8306
3400
3295
3834
7161
7515
8144
7914
9594
7484
2925
5527
7626
3191
2171
1338
1383
6374
4574
8630
6430
9113
6501
2226
9737
9147
5658
6793
562
207
4641
3401
1073
9583
6075
278
4314
4179
1343
7348
1231
4580
7087
415
5595
6909
5851
8291
5457
7242
4970
5028
8030
3137
7597
328
148
3988
8925
6246
2778
3690
1178
4247
1261
5115
274
607
3510
9418
5109
6326
4839
4298
7283
6465
8951
5093
2150
4295
7433
2136
2748
3069
5545
9409
1544
4530
6333
8872
31
8206
7970
5239
8233
717
2889
8547
2825
698
2053
10
5983
1893
8267
3947
721
5162
7827
2272
8122
3009
8505
8150
5709
9203
5222
4779
7384
1606
3746
7352
9706
3781
775
2202
1764
4608
6890
4615
6739
7825
2882
714
7603
4798
8731
7425
8295
5626
4090
4395
440
9388
1660
3918
3789
5350
9011
8569
9868
1186
3418
9107
7976
3503
865
230
9164
3767
7133
2188
6930
1527
5496
7554
2926
5721
3949
7520
3047
886
1235
1409
9942
7709
2608
8990
5216
737
3471
1430
4331
202
98
2105
1833
9458
3315
9585
1345
7340
2751
9982
6381
2151
9401
6268
7028
4366
1480
1943
8399
5622
9322
9414
524
4692
9375
4143
4893
8088
2635
1862
8642
9256
1746
990
9186
7342
3709
6391
4195
17
1620
3954
7553
5045
9776
7127
5463
2540
3169
1134
8308
9614
7237
4408
6598
8698
1283
3389
5370
3268
3730
9777
9862
6824
637
6051
7353
4860
3839
12
1885
8183
5742
3230
7469
8943
3718
8243
5887
4191
5690
3093
1499
5671
7220
3260
1075
7960
3824
3833
8845
4871
2445
8544
5119
1702
5591
5641
9124
4278
9785
4228
4120
3447
2208
4715
1204
1051
9595
2860
7511
3861
1699
2702
4952
5026
3198
6316
2389
5773
4422
3037
8253
852
2747
4413
3755
8453
5935
6101
9630
8338
6799
1448
6823
1951
8280
2691
4190
205
2077
5515
2698
334
1225
8094
6329
2840
8733
2995
8186
1491
3360
2595
3725
1239
9638
6197
5029
1110
9110
3638
4386
4209
6942
9620
4887
8579
5950
3996
4374
1313
8958
6924
6621
8798
2735
7319
4612
3818
2085
7243
7527
8202
4158
6527
1189
4063
7888
5367
640
643
6870
7838
1553
9726
2499
9577
8614
2741
6707
5326
6780
3124
1825
9607
2875
7581
3405
7246
555
8228
9882
8018
3973
7317
2709
5472
2380
3000
134
8593
6692
4225
4976
2822
2544
7457
4877
247
1449
9852
5956
5019
6029
1708
206
3151
2440
5716
7121
6532
5892
2699
801
4908
7008
8906
6294
7245
5437
5751
6965
5805
7038
8051
7064
344
2917
6516
4718
1587
5486
9128
9556
4401
167
8112
6701
8046
8670
6228
1624
496
925
5689
9526
3029
8222
4818
9504
6156
3102
7037
2872
5447
245
8653
5253
9979
5743
5290
5772
8215
2404
7304
8057
2603
4245
388
7939
3873
9779
9688
9072
3042
8911
4914
4066
9372
8607
5588
5861
5445
3524
4521
1707
966
5719
8281
3196
6212
593
8103
3800
5455
3527
276
8027
6141
7848
1939
783
6563
6944
8070
5718
6359
6524
407
9210
5085
9044
7295
8414
4512
4609
9014
7803
924
2311
8556
7218
2611
8646
7804
284
3130
7875
7752
9544
8020
2269
499
9040
1539
9346
8775
1402
7017
7050
7712
8304
9840
6291
3381
5533
4523
5355
4484
652
5285
7883
5067
1619
7385
1130
881
4654
8108
5172
7860
4100
5303
1238
8365
9919
9077
7535
740
5532
2757
7300
5823
5369
7450
9798
8331
347
3792
6820
5747
2342
7994
6562
8908
6840
7324
779
3955
4861
1892
7387
9719
4382
271
6310
2786
5816
4019
2985
8393
4671
4350
9138
5123
1786
7195
1793
974
8149
9334
8668
2004
7383
1034
860
7455
6375
314
9139
6433
8661
1600
4606
5802
5918
1124
6716
3205
1719
7202
4837
7095
9389
238
2851
3595
7702
1686
4854
8389
7703
7333
7347
7574
765
6052
9804
1077
7946
3287
7445
3938
8526
7609
5684
4599
8224
9245
8463
2058
9430
1274
2622
1459
7613
7903
8478
9285
2167
5783
813
8675
3502
651
6657
1897
9344
9272
2091
6170
5806
8073
6400
1095
923
5065
2509
272
8840
2664
38
2588
1207
7426
7991
5458
6756
8462
2826
1318
7374
8003
2398
9947
3980
5513
7393
9502
1633
8500
7817
8011
2065
2239
5739
6675
3650
462
9664
6255
9306
6578
7159
1790
9875
1368
1347
3477
9699
7831
2248
7512
5318
4182
7695
750
9551
3944
7182
3515
2849
7887
9217
5100
8853
3443
6868
3442
4166
5144
457
2971
1260
9230
2249
7360
522
126
4050
5346
501
6704
5248
6320
7975
1032
5757
7462
5857
3226
1307
2633
606
1826
1098
8636
7415
689
8582
2834
546
1779
1372
5454
8975
7046
7723
3014
1866
827
6072
7739
3125
7845
5572
3950
1946
1710
1194
6422
9854
3361
5540
1033
4712
2607
2229
8006
8983
3496
2677
4835
4355
8753
6697
1787
498
5158
389
3942
8323
6722
4789
9135
898
5436
7421
3118
9802
878
2050
8085
8689
571
4581
2264
2354
5121
1985
6509
6954
5913
9412
7405
2126
7948
1320
8041
3408
8000
1004
2935
9178
8210
8049
5932
5475
1127
8521
4596
4239
1754
1419
9207
762
9817
4537
7745
9845
3438
2932
6755
5571
3581
7078
871
9976
3526
5574
2332
6342
5840
3145
4646
7719
6521
2542
4187
2341
6169
6379
1173
8542
6115
6116
307
5967
917
6533
5409
7140
2265
6354
2401
8444
3482
7231
482
2809
2237
8226
4896
5906
4616
2900
7148
2868
6732
1847
9184
5837
1399
3255
3325
8986
6000
3683
7736
5309
3291
221
3537
3492
7210
1931
4850
1810
893
5145
5917
1461
3641
9697
7499
3981
5526
3204
9017
5460
9500
1692
7956
4482
2081
5537
7325
4627
9674
8431
2779
9157
2026
4204
5675
5656
7098
3812
9482
7850
8780
2833
9451
7113
4112
3856
7047
9847
4185
5942
2315
526
3135
5305
8591
9732
7536
3163
7471
2848
8146
2567
2001
6784
6135
853
4848
2362
2724
9505
2266
2684
265
758
4498
2761
3021
9815
5505
5411
1421
1136
135
3286
4058
1414
4257
7676
8528
5694
4626
9440
8828
9619
2730
1851
2207
8077
2422
3560
6062
5063
1203
1240
6384
9890
5695
3694
9096
309
7529
6147
384
5272
5609
6016
6561
3074
8708
2528
997
7369
1640
796
6684
8552
9717
3841
8946
4825
4246
1170
246
4628
623
3367
8182
2295
8312
5771
9365
8589
1080
3672
9242
3699
3738
3457
9206
5459
658
2014
6955
2938
5962
9325
8501
1082
6695
5244
7092
2403
5728
286
4459
2009
2118
4999
2500
4319
3881
2958
2655
5697
7561
1346
8953
1158
4587
7966
4931
5984
2138
1213
7596
7033
1341
6201
7395
3305
9274
8369
2302
8575
7769
4977
7867
6175
3783
7628
2553
5639
9141
7700
9610
9142
8897
9101
9133
2296
5753
4008
1334
8007
1392
1062
5615
5094
6048
7102
6243
6360
1096
790
9682
2598
5281
9678
969
8157
9694
1966
6569
1494
1102
396
7341
6879
2326
9916
5874
7961
6974
6918
3601
1316
9153
2688
9491
186
4863
998
7477
6538
952
4763
8994
5088
1874
1083
5416
2532
9116
1785
3114
3331
6649
4124
5242
5316
3867
8487
9728
7330
2436
90
4876
4012
2663
1678
7658
8998
1986
1100
3410
6159
4706
5500
8095
3866
3267
1801
8460
1815
9290
9724
7924
6296
33
8787
4659
5267
6629
7950
4144
8777
6908
9447
7365
9569
4370
6899
7289
7580
6103
877
800
874
9213
3425
2945
586
6618
9439
6672
9460
9527
6299
6834
3885
7571
3627
5686
1760
8166
9760
8385
5023
5564
603
5271
6459
7280
1072
5136
3187
7593
419
5471
203
705
1822
9538
385
8489
5704
3712
8294
1023
6295
1968
7635
3266
5259
1990
7926
961
2156
8065
3264
9617
2367
963
5764
3091
3548
6826
5414
7181
6981
8377
5072
7315
7109
3100
2602
8205
5512
1324
9517
2765
8048
9967
2335
445
5893
973
312
409
8116
47
9713
3919
6409
8858
9567
2508
5261
937
5352
6395
5820
2052
9907
3623
3303
722
8367
4739
7995
7062
1938
2076
840
3115
2565
6785
1695
4300
5483
5646
438
194
4532
5143
1682
7771
3036
6114
7698
3625
6937
5859
5232
3797
4634
6098
4302
815
1969
5383
9514
9510
9257
5923
9119
7777
5331
5243
2287
5677
5833
6163
7897
3637
4436
4333
8032
8942
732
8151
2491
165
7263
6976
7314
9843
27
2460
9968
1490
6950
7093
2219
3762
848
3493
9550
7539
6127
9102
7767
8265
1216
6199
3356
3578
6589
1290
3610
4335
576
7687
9039
4891
3796
1153
2492
9088
3412
1642
6606
4724
5808
5957
3613
3976
1997
4353
9333
5973
9926
8400
3977
7517
5551
3691
2758
3159
9489
2194
2454
6185
4808
4338
3153
4550
4929
9640
3018
9616
7795
771
3551
9348
323
4777
8520
5708
484
263
204
2683
377
7624
2423
6988
6140
8184
5643
1447
3384
3177
6771
491
1377
2021
2310
9680
5412
1310
7645
350
3424
8092
9364
5448
3370
4034
4262
8760
2276
9370
4705
7097
1417
4379
7651
6102
9765
8296
1910
5001
9851
7672
5185
9850
364
1415
2519
6996
2997
1753
7979
5356
6769
2604
1526
4516
540
5296
1792
1945
258
8449
2644
6124
9352
1058
5727
1632
8970
2626
9641
3165
4494
5617
9479
2516
7832
7258
8794
1079
7932
1348
5553
1548
6818
4173
4991
1256
1568
4503
3778
5140
8191
9255
5202
2612
8452
4813
2754
2217
3992
1271
8935
4652
5749
509
726
784
1766
6827
5559
5730
2457
7082
6302
8270
8875
9727
6410
7454
6497
7349
7428
6586
5941
4416
2224
6483
7788
8485
7678
2791
4595
1141
4760
2618
3049
4367
2632
5359
5777
8773
1864
2166
3409
6066
1972
7640
128
1647
214
6555
9592
3448
7381
1650
3628
8303
9083
9006
4605
9994
8929
4744
991
720
9297
2209
6581
4886
244
2439
4727
9997
2643
7638
7820
116
7223
8023
4360
6894
9187
8212
1233
7
6507
8555
2396
4150
6731
4717
7036
3892
4175
3915
4804
3605
7460
4200
3748
5790
2421
2093
2071
6936
9858
4291
3826
910
7933
9898
1616
8497
2358
9590
6795
6193
3616
1503
4240
6008
1542
3308
2103
8864
3481
2478
2589
3721
2922
2246
9690
8319
8160
118
4702
6853
3184
2134
6011
26
1932
9812
8515
8610
8728
2359
7067
5474
904
7806
3920
1924
7416
520
9194
5616
8681
4737
3804
587
220
4467
5397
1638
788
3780
3908
6383
5494
4288
5333
8923
8673
983
8244
223
2413
2427
9
4514
2175
8257
7074
8883
7870
6240
3801
7488
3923
65
4912
2328
6271
4178
3242
6863
92
166
1047
2914
290
8811
1212
3550
3556
6444
7251
8213
4781
2360
2268
995
2112
2984
1057
5393
8071
940
9090
7588
845
7594
5074
6479
1919
5826
4087
9623
7999
5440
9368
494
9100
2753
444
1148
6317
6284
2716
3472
536
6262
6364
6300
6922
8590
1168
6179
4269
6230
7794
2819
4461
2949
5735
9650
5205
4045
6058
9695
8504
7818
4133
5905
3852
1117
4351
6215
2469
7663
894
7518
6006
8087
6120
3320
4345
4572
1949
2147
9932
5390
8447
2487
4033
8573
2768
2387
5154
2045
6815
6053
356
1517
3211
9227
2813
3394
2400
2672
489
7337
4947
9154
4962
289
4307
1055
4699
4098
9647
594
2615
839
5700
8866
3979
6061
1579
537
7721
2908
2273
807
1061
1311
4284
8809
8922
3607
3663
1038
3352
8430
3507
8997
1580
4023
3890
2043
2338
5970
970
9047
2253
9866
2616
7938
358
3364
2361
3763
3028
5898
4328
9053
6438
4227
1752
6468
3534
3185
7191
9552
939
7502
5280
3888
4809
7336
3542
9177
8162
391
2582
8657
4868
9628
3644
5610
1253
4256
3344
6096
6500
7409
1597
1626
6809
4474
7269
9561
6665
1429
2283
2518
5000
3993
5575
5497
4285
5004
9400
4937
5424
5079
2216
8289
741
5740
7770
3272
1515
7616
7880
8376
4324
6027
5835
3027
2197
4573
1164
3117
3912
2420
8797
3413
8561
3563
9901
6510
1388
5155
6457
6220
3606
5668
3729
2475
8004
9455
4499
3702
149
8219
5482
3313
1820
9074
3516
6517
4076
357
3180
9188
9683
1952
2060
5035
2277
1146
9557
8804
2113
9300
5375
5741
9793
1572
7274
8627
6975
6164
8891
7707
5726
3855
5345
4418
7044
6810
618
4709
9283
7495
3310
7595
9759
3827
6923
6421
1180
6293
1443
3247
3508
4105
2530
4051
4018
681
7351
622
6536
4068
4786
7498
833
3426
1780
1531
6057
9289
9057
2785
8383
3414
3167
6039
8370
7532
8114
1021
6864
2312
7567
4842
5137
7683
9863
6634
55
5954
4402
9608
4689
6542
5323
7524
6217
7892
7443
4442
4770
3731
2449
9537
3500
752
5449
6280
4053
5817
7964
3848
933
1817
5903
3397
4915
1424
5033
3292
2008
1773
5886
7786
5977
386
6437
8974
8895
9020
1922
56
696
9220
9511
9251
3023
5884
5236
3868
1040
5257
7865
6584
1138
5464
5827
1964
5943
7743
9468
2732
4680
8409
6892
7583
9797
2752
6674
8725
5530
631
59
78
8179
870
2551
2262
3339
4263
2560
9983
554
2739
2386
4169
6721
4220
8084
6047
7809
5587
9103
5759
7192
4141
7019
6324
6993
8705
3276
1704
2511
7798
5319
709
2232
6334
3968
7812
786
2712
1070
108
1247
1768
7448
7730
4203
9342
6190
471
3068
4496
8989
6188
6848
9790
3070
661
932
3241
405
767
1778
379
2314
9881
4110
8624
8558
2774
1394
4741
1007
694
822
6222
9488
7550
5732
1680
7115
7531
9958
9807
659
8339
5169
145
8835
5698
2433
5211
7404
8019
1963
6861
7715
9693
36
5163
4429
7176
8492
8669
2936
4107
3066
1285
3978
1068
4062
6577
3012
9864
928
1861
2038
5402
6167
680
3327
9175
5960
4505
4497
3050
8434
5018
4828
2543
2891
6699
476
103
7882
6289
2918
1099
5466
3221
7041
7287
2161
2818
160
1823
3863
6411
5889
5779
666
3722
67
4968
7259
5480
6276
4725
8355
7884
3794
4793
8581
6110
2324
5503
688
5009
8605
4304
7857
6152
4644
3281
7637
2780
9859
5430
8700
2501
9871
1881
5200
7680
3760
5502
375
2116
6003
1406
4346
7030
824
9787
1740
6673
8340
8873
4057
6560
8781
2235
8603
2885
8849
7173
7589
9736
8078
3552
1805
201
3355
3961
6875
9408
4405
2727
1590
5573
9681
1121
6556
9966
5621
3317
3611
1655
99
5745
1330
3390
3815
7682
8757
9385
2678
5693
8779
9022
8514
9545
5504
3726
8517
4052
5183
5881
5966
7482
5555
1326
298
7931
3880
2181
6018
757
8035
5366
6126
9878
8392
4873
2571
8330
5543
2192
4720
5174
48
9998
3440
9889
508
9634
766
3152
1206
3048
1438
6241
1088
4526
6520
3844
5182
6990
3570
2954
3926
806
3639
8730
1599
4773
387
5761
3336
3851
2866
2976
9179
3528
4002
9051
2801
4509
5625
6803
2888
4747
279
6443
9992
8609
4015
7378
6019
86
8599
5809
1020
746
8192
380
1725
3970
8554
7981
3491
8282
8690
7862
7592
4486
7577
8771
6778
7103
5165
2465
7206
315
2515
4558
1777
9579
538
140
7519
6767
5014
4795
9010
7582
7934
100
706
4543
987
7576
5167
826
3173
4814
228
2538
1534
8039
2227
4238
1685
313
5487
817
3723
616
8506
6207
5509
8707
6565
2782
7937
1041
4155
6900
4174
6069
2787
3666
617
199
4989
8379
1541
8135
1934
2444
4036
3807
6358
3062
1401
4933
6781
1356
6529
285
4004
9995
4336
4037
4381
5873
3972
1687
6842
9166
2006
6614
8769
113
8299
1510
4389
6733
2039
2561
3602
4674
2980
9198
1582
8432
6620
1665
5002
6369
9301
6961
5351
6632
4901
102
6454
7649
1839
5266
9350
8577
2062
4265
4440
9009
9965
1014
7160
861
9696
7222
8009
4738
3073
3244
3786
7790
4907
9774
3202
7819
2842
196
9200
6849
2563
3964
3113
7420
497
7209
2937
9076
7015
7851
8247
1139
8218
8639
6819
9199
7864
6592
3865
739
2902
1654
2717
2506
1925
4687
2832
6258
4363
4356
2223
8458
210
9830
5683
2974
669
9345
2288
6495
5294
9652
381
8278
2242
2094
1796
1378
6264
5531
891
7367
3300
481
879
8396
8358
3218
8475
6772
6671
5524
7344
9778
3741
4206
5939
8239
3518
5078
1716
8595
9071
1908
62
6623
9450
8857
4357
8177
7899
8973
2002
1301
5921
4354
9933
8807
4920
608
5398
6453
3475
4913
1664
6315
7096
1187
58
1262
6734
3733
2873
2458
7568
9033
8249
4906
7424
4151
6380
4684
339
915
3294
8022
1550
7530
2195
1612
2861
4762
8687
1453
8185
6458
8328
6477
1869
9669
1323
687
76
9239
5017
1252
6365
8096
5552
4347
627
3810
2645
649
6150
1299
3290
1444
823
6431
154
882
6397
3577
1315
3156
5642
7557
7959
2829
4540
5384
7104
7523
9897
177
6847
8509
9993
9543
1308
7710
8729
3043
5978
6449
267
8919
1028
9961
7077
5596
3262
1569
4570
1071
6912
5556
3587
6925
3936
7935
361
569
268
3911
1775
4586
1673
8790
8384
5209
5725
8553
6698
8618
8936
2590
8536
8715
8082
4774
5417
9644
5295
9930
5041
2533
5855
1395
3994
4826
574
9403
1683
8348
403
7605
1105
7942
9216
8692
5659
3814
6719
8991
352
2067
4794
9391
3232
2810
9880
5736
1064
7954
3083
1022
7877
4086
8960
816
9169
5011
5111
8248
4643
1496
6913
2654
1498
802
9975
3470
5214
1953
2631
4955
5032
7633
6537
9651
2471
2579
625
5304
1176
761
8813
4312
3148
5325
6916
748
3041
5186
330
1863
7001
5955
5068
2011
34
8778
6130
7943
7217
7117
4137
9234
9800
8734
8469
6977
1390
6100
9167
3079
9771
310
7855
2024
8701
3871
3837
1797
7615
9078
7054
1917
2865
3660
4840
4785
2340
3846
7135
5308
5624
1199
982
5578
2903
8080
2764
3700
2158
561
1657
2906
3735
6611
3391
4305
3343
1567
1788
5974
642
3337
3656
4465
5311
9080
7606
8131
8818
7122
6782
2979
7136
6209
2097
3008
184
3035
2666
6351
1940
950
4784
7879
8567
7565
3072
9687
9329
3326
4707
684
7052
1046
2859
6599
6658
4138
7423
9721
8090
1128
9522
8148
7171
2763
2746
3106
6903
9089
2176
7035
2605
9063
9140
3987
7236
955
2451
9635
4812
1451
472
9906
4688
5120
2558
4522
8871
3134
4301
7141
5592
4569
2646
5583
7834
449
9960
5310
4044
6992
3621
5173
3753
7072
5856
9304
1956
2285
515
7257
5443
8093
9603
2839
7063
6966
5441
2407
9421
1928
4754
8059
8037
7522
7089
4290
1530
7542
2794
4000
3095
7048
6386
9180
3681
4016
5600
5799
6043
4313
3572
5215
209
7449
5848
5514
2919
8188
3930
3143
1466
4241
7355
6111
6205
7526
6226
2412
9838
9316
9814
6571
2068
7262
7179
5389
9909
9470
2804
6092
6801
670
2234
3619
1045
8688
7266
1059
7288
6631
8208
518
9214
9957
3354
3724
6385
1604
2783
5652
9691
487
6176
311
6738
4836
1658
8900
2003
2089
9045
1714
4081
9701
4164
4481
6570
5947
6210
2187
1514
5025
6548
8217
4212
6901
8978
6344
6304
7802
3750
5426
153
3031
5188
4317
6093
6216
4069
9762
1221
7953
7080
109
5581
3131
5878
2279
4059
9155
9621
1245
4415
5558
7896
3504
9070
7106
7894
2661
4910
5853
2459
9189
8341
7619
9158
7270
4645
1631
9831
2766
830
4561
1630
4554
8034
5666
7549
8626
9750
4397
6425
8493
2108
6073
6429
899
820
4026
2513
8297
6017
8766
8138
8176
4829
1641
7139
5147
8531
2802
4479
1915
3541
9811
7020
3347
1880
5197
2220
3917
8530
5022
7778
3296
7717
2479
5733
5872
3142
8373
4322
3379
7321
663
5508
52
6919
7854
7293
3080
1755
6218
3479
3473
2996
7895
8535
9969
2556
8803
6282
9471
1067
3793
7138
3989
9299
6978
327
7069
3795
9973
1422
2107
8736
8850
7927
6434
6559
1730
1149
3916
2566
8072
7774
1927
7081
5795
1460
8821
1868
7902
1452
6054
3584
686
4846
873
5289
8214
1293
8468
2667
4411
7949
3461
8826
4533
6880
7248
5842
6552
9264
5263
4694
1333
7916
7486
2912
8902
781
7157
4441
5006
5179
2144
9429
6528
6616
7828
1397
3192
9424
4293
6652
2853
7644
8100
4778
5781
6946
4911
2650
2821
8067
9661
5897
5151
1635
7538
4007
5189
1729
1887
7265
3168
8111
6154
3181
8518
6491
1118
3046
8279
7298
727
1615
4590
8115
3254
4978
9981
5714
4954
9443
4117
3935
4283
7418
5299
2243
1570
5845
9052
7066
1701
4410
2991
2101
9148
634
1558
6786
691
5103
5419
3975
2537
7793
6668
9839
2350
8765
4963
7718
8665
6851
5669
9247
1547
4817
8823
1528
9056
2700
8482
1506
2674
4780
3489
2139
7278
6313
5995
6292
7124
8139
9685
3543
6650
2921
5317
8743
1643
7727
9355
8995
6869
6464
3110
7119
4210
8613
8001
423
8374
6828
8727
527
9578
3487
4623
6605
5177
6493
3005
5235
3614
9948
6040
4592
942
9341
6624
4211
5597
4221
49
7467
1223
7018
1229
7816
6679
7249
2952
9508
5287
243
2956
1812
9374
4277
1222
5269
1268
2199
1807
1140
1214
4205
7291
335
8366
3864
8784
2334
9796
541
3571
1477
5990
2308
3439
9445
5895
1784
1
81
598
4258
4340
592
4038
3574
7267
6325
5876
819
4986
6067
1254
3234
9386
9861
6181
6873
2124
413
5507
5376
1525
6183
9822
3486
1562
2132
9007
8699
2924
8541
2944
2797
1519
2950
723
1974
5245
4735
6498
6367
2798
3120
6298
512
8356
590
6145
7521
2521
7552
5372
1287
7172
7131
4830
3096
9108
456
7905
281
2316
718
6161
3065
9081
4803
3768
2366
8076
1367
5118
9533
8882
4104
6266
9469
4009
7299
703
5606
5321
2987
8659
7346
715
600
3222
3829
4201
8795
8307
4980
9152
242
9722
7318
5122
6080
6486
4197
8063
6593
1084
8562
3485
8171
4528
6108
7503
2153
3450
5415
5108
9358
7668
2318
869
4686
3197
8113
7564
8966
8878
8375
8597
8005
9448
7725
9281
169
107
3108
8099
2874
1458
2267
9452
9671
3056
1376
4006
9712
1484
7363
5780
7890
3517
9426
6736
4420
7228
7889
1269
2988
7000
88
6132
4236
9563
5953
4897
6806
4409
3870
5536
7629
7400
4377
8494
947
5676
3020
4722
2260
1625
9034
9576
1441
5194
2584
106
4477
6482
9331
3332
8988
37
621
9402
478
5058
6852
3576
838
9181
7785
9655
9265
4529
6165
9924
8799
4289
7188
6094
1976
804
9277
650
8880
3051
8199
5910
9944
9097
6105
3237
7761
9024
2416
95
6206
1069
8887
8632
7320
5247
5755
5286
2719
68
442
185
9475
9525
6330
4510
3207
1800
5181
9716
4115
9528
3455
8831
9286
1228
7978
6952
3353
9326
6186
5274
7782
5135
4869
3582
1486
1523
6580
9757
4972
7411
7824
2431
8621
1350
8456
3055
9473
7305
6831
7440
7134
8360
1795
4310
3103
3761
9004
4281
7040
9618
7377
584
9428
9495
707
433
9591
4953
4640
8194
300
198
1465
521
5302
9836
5431
9050
6794
8123
6462
8898
5915
4647
2424
1349
8604
1855
2013
7021
2438
2547
2486
5156
1114
3906
2784
5133
4981
7849
2075
7107
5132
7200
1726
4056
19
1428
7987
9069
959
3190
5362
6202
7294
7555
6446
6162
8660
6789
6854
5176
9763
9104
6143
9860
4710
1876
700
1762
7997
8287
7327
7441
3901
2504
4852
3670
2088
1679
7533
4432
8074
6783
8353
9816
1996
2941
9515
5836
2953
5566
9534
9276
9745
1036
7137
9972
5146
4618
6297
6471
8962
426
2405
7901
4189
1978
9229
729
3261
2986
1846
5168
305
1403
141
854
9061
2214
1761
2127
8345
9371
3622
3265
8495
7643
9377
2867
9075
5824
1878
8129
6026
3665
1501
3121
6122
9586
2374
5080
7366
1396
9922
7750
4838
9794
3387
6214
8735
8666
1675
803
8650
9849
4683
4352
7844
32
7833
9463
2843
3097
9985
7043
3798
1358
8921
2347
261
7083
5394
5130
8635
1838
2659
6494
7706
6322
6476
953
624
3693
7909
3497
9555
5832
5251
8680
8964
4407
4349
2231
8539
936
5456
7744
1362
5968
9971
3770
545
2510
6002
1474
3648
6846
636
5113
8959
7685
6567
2983
3233
3129
1476
1391
4964
9001
609
1829
3679
1671
7371
3045
3904
7432
5428
8580
1592
4472
8386
420
7735
1113
175
3862
2793
5297
9487
7014
3225
8329
6987
9743
7784
3155
8272
9519
1359
5007
8955
6340
3929
9679
6151
2715
3323
996
2042
4022
6749
4280
9048
7674
5161
6515
6456
5535
200
8863
1758
3692
7971
570
1211
6256
8937
3594
2054
3651
655
1563
2512
4132
5516
5360
8732
7023
6885
4306
3404
3567
9134
2514
6640
4027
7394
6928
7757
5382
1750
1596
3791
9319
5907
9222
7452
8824
5348
8957
5293
1497
4255
5919
1516
2466
9025
2233
5506
4806
578
5180
7185
3790
896
6168
8476
465
6279
2614
5234
8625
9114
8273
3386
2601
3075
9915
1859
115
7922
7444
6807
4260
6227
1693
9335
2345
3618
2577
4383
9818
4797
3419
5327
9703
6036
9803
2462
5021
2675
3921
3708
4368
6759
4577
2017
5468
7885
9954
4430
1220
6311
7928
2086
5562
1337
9013
4207
3166
7728
7277
4495
1027
7586
728
6071
6087
6670
4662
255
5378
8445
6079
4769
6871
6389
612
5864
5258
7091
693
5300
3632
4099
3454
9730
6265
1432
5476
2570
3715
9877
6539
3375
9121
8069
8767
7632
620
8615
5776
3223
5766
7417
6235
5593
8867
7272
8819
6742
1309
8641
4183
579
6046
3565
3333
6929
4447
2349
9520
6797
1151
9431
5654
3914
4624
6213
3521
7507
3243
1456
5933
211
6835
8242
3380
1276
671
4452
8477
1433
699
4772
5916
9221
1930
9425
5344
7977
4168
3289
8920
3597
1106
2098
7869
2174
6009
1482
8189
346
9373
5439
4032
9288
1617
4483
7547
605
1387
6414
5387
4716
6893
3494
2795
2426
3053
4750
4095
2121
6306
6898
4880
5219
5479
9827
9784
6729
5952
277
5374
4898
6056
2434
6766
8190
9117
6095
5975
6523
3995
4928
8026
3759
6968
712
8120
909
7558
46
1434
1166
8196
6303
614
1264
427
4563
2371
4579
7162
505
3141
2824
1521
3671
7155
1241
3456
363
5911
6086
4492
394
5184
2111
5561
2587
3136
8744
9231
9168
7146
5127
1363
3696
6475
597
9741
6253
4636
9111
1574
1960
8201
3393
1246
9911
7704
8695
5877
3872
7410
4895
2393
42
7177
4872
2333
295
602
9094
5788
157
1230
6035
9946
4384
9782
5525
2473
8848
7504
648
5090
5560
1104
1677
8133
7608
4392
5598
3017
5879
1854
2837
8418
4040
2096
9559
2391
143
3984
5363
5473
4619
8268
9573
6372
7720
8316
580
2639
1819
9105
4995
9019
1087
7963
8024
4163
5961
7657
1478
6469
1741
9953
1384
3896
8354
5904
6836
4534
4651
846
8592
4553
5373
5207
7402
6669
6074
9587
5750
4337
733
4881
2734
2394
7618
907
9312
5770
5768
252
3280
2470
547
6897
2841
6347
366
7197
6688
9232
8161
9554
9512
3509
4721
7389
2640
8241
4299
8121
4400
6502
2035
3104
2948
8717
7473
6474
6113
7481
3133
136
1107
5557
5713
9582
8448
2029
1513
1198
5484
6339
1352
66
6455
4
4080
8820
731
429
3758
3084
8770
1622
4136
1594
2135
9028
2827
6063
6153
8481
514
4664
9893
7898
96
564
87
1442
8534
1566
4942
3843
2397
3523
1150
5541
2490
7379
3705
1830
8608
1481
1916
1852
9775
6872
3459
3172
914
3099
2221
7151
1748
810
3101
9964
1202
8691
9015
6078
4318
4501
3229
4329
2624
2777
1871
9624
8391
5664
6107
7060
9656
6694
9604
3717
8672
4545
5198
5569
4011
3038
6941
8332
2363
1094
8620
7686
5529
6743
8894
2074
8117
5815
7513
9323
3754
7438
7006
8930
7359
7163
3420
8576
4463
4078
3335
2680
7252
3105
4214
7572
3285
9420
349
9415
8126
8029
6895
6641
6525
1492
2037
4905
9384
2580
367
5871
6348
9438
2464
4473
6404
2772
1012
1292
7193
5053
4035
2186
365
9677
4996
9496
3188
4458
353
5328
4119
1043
5148
2165
6005
1163
8745
8234
5098
7656
984
434
7241
7373
8963
8837
3943
170
5429
179
4761
6939
9271
9686
9130
3937
8640
2284
112
6568
8021
8010
4296
8336
2749
4851
5381
2474
163
628
8587
392
6535
8877
6312
7111
2030
2375
8985
7232
3931
1902
6727
4491
3913
3306
9407
1063
883
1185
5039
3529
7207
876
1048
9612
2613
7627
8246
9267
3311
7585
3427
5722
551
1585
6889
7893
164
5568
5157
5544
9768
5775
8053
975
2256
1373
3004
6251
8832
8637
9513
4067
8169
8124
6158
3941
5794
8055
9888
776
8361
7621
2928
9225
9704
5358
6177
6172
1890
1667
1131
3282
9366
9367
7468
2159
6648
5637
3309
821
548
5685
9132
8785
780
1798
1554
5849
6309
208
4736
114
1926
1598
7762
1042
4252
9546
5330
7240
3466
6557
1967
6200
3697
6305
450
944
178
6488
4853
5246
1425
6750
8324
9305
1551
8982
793
7990
5584
9149
9937
7872
5523
5985
9938
404
6787
2893
4820
4254
2169
4082
4997
2850
5038
7284
1831
6653
3684
5315
8154
2731
4013
2493
6788
2012
1336
7100
9885
6796
2142
7275
1907
3974
9708
144
3434
2061
1053
7562
6055
2704
2969
895
7607
3905
8682
9498
1205
4834
425
3158
8648
8357
7032
1872
1913
8298
8812
3349
7112
6693
4660
3544
856
8664
6137
9337
8915
4160
1593
5623
1954
7984
3899
7724
250
4208
968
8663
5789
8709
935
3314
4745
2817
918
4655
5829
4894
5238
7691
4757
282
4578
7500
3558
3416
7913
5847
9193
1747
464
994
2999
1937
6866
7145
7255
9190
8716
8952
3522
6905
8261
2034
4292
9029
6412
7653
2755
7787
9310
9627
1339
8381
7693
5024
2569
1286
8134
7401
919
1404
2559
8756
6415
6867
473
2742
4431
9211
6773
3847
3932
9692
1751
239
7230
5633
8300
9461
5511
6744
7226
8540
2940
9236
8510
7973
9261
3953
463
6403
2036
406
9339
791
9952
1300
5432
2468
683
6487
6709
1536
3007
5230
2353
1101
13
1013
3109
2858
8865
5208
41
5036
4556
9660
393
7271
1008
7261
3277
2992
9480
3003
6663
3396
2306
6935
5846
6596
8443
3239
7302
5082
5756
3539
4567
6467
1995
6800
8511
6549
5858
9464
490
8817
8362
9755
5744
513
4103
1921
3087
5433
9673
8737
3432
6713
2581
4678
3127
3986
6184
9632
150
8147
7988
3655
8058
432
4723
7211
5580
2435
5703
552
563
3463
4889
8896
5400
2707
4799
6388
2740
4632
1836
4642
4930
3132
9041
4162
794
9434
4551
7114
6042
4538
8532
3499
5825
3546
3891
3219
3081
4114
7646
9633
8586
2305
922
2084
4827
8546
9250
2959
408
9925
6615
1115
1132
3897
1962
3435
7929
1834
2594
6331
1696
4326
8130
6466
8523
4862
971
7560
2687
3200
8433
3371
532
8948
5142
5517
5582
8060
568
212
9296
259
5784
6705
4682
6645
9598
1172
7178
8932
1312
1656
9913
9734
9665
641
3338
9856
9735
1715
8333
7276
1167
8594
6234
7175
3498
8310
3809
2152
4093
3395
1093
7219
4186
5171
2173
3945
5661
3853
9941
370
9027
9338
9031
2767
2046
9467
5655
9892
430
4791
2968
5446
6774
1109
7753
3776
9122
7088
1305
1120
7461
1475
3859
6575
4749
1557
3649
2455
28
9927
5522
6926
4074
9900
7403
253
981
9066
9931
1723
8904
9320
4139
1126
4693
1162
8822
2472
6146
2480
3686
4539
9705
6272
7312
8747
2154
7852
6117
7350
2321
5092
93
8401
1843
6644
6816
1691
9799
2620
6748
6970
1971
1135
5224
8602
8869
5037
6545
6850
8159
2916
5096
6287
173
8543
8502
8617
6211
1009
264
85
1190
4650
9841
2155
3732
2372
4385
6070
4060
2878
6779
4549
1873
9894
4751
6373
5702
8686
1732
448
1611
6267
6998
1994
8040
5329
2070
6544
9723
2303
197
4951
8679
3969
4083
979
6473
5585
3808
8285
8097
5931
5138
2379
772
6837
5519
7508
8232
3088
9302
1813
8293
8435
900
5890
4691
6337
2163
9600
9093
8013
2481
7930
751
4922
4544
119
9740
8854
9173
9397
7667
3959
4462
6368
4108
373
9903
9792
8450
317
3213
6838
7540
1850
3330
5341
7076
6138
8969
5087
9314
8327
1634
9829
3617
2920
2022
3288
6579
3902
9197
3178
6791
5066
4639
331
8827
3298
4756
9813
4695
8043
2250
1116
5453
3078
5116
6166
1799
3236
3749
9172
1407
1192
1386
5250
6986
8326
3553
4753
7783
1191
7244
3838
249
2388
7840
1019
5959
3061
4403
3304
6037
8703
2736
9380
3346
3512
3575
5064
7836
5164
9749
452
6687
3857
2041
9602
5046
864
7951
4231
4758
6254
8
9518
4661
6945
8428
8415
8105
2695
183
747
1666
7501
528
4992
7391
8834
4085
8652
8193
7463
3966
4985
4270
9767
3483
2673
8938
5841
2025
474
3777
2241
2722
4666
4487
6904
9574
5462
2143
4170
3636
2193
7164
4845
4380
61
5256
8091
4669
7807
3022
885
5201
2368
6129
8015
1783
2901
8722
3898
4412
1957
9676
171
5632
9739
2574
8178
368
7435
3257
8207
5312
500
1436
9249
5649
1973
3162
4685
1889
1327
7437
7009
2023
1291
7614
2230
3907
4001
3193
2617
9284
9395
8474
2627
5438
2300
1217
4676
7120
3220
4752
9453
4541
4131
2652
2056
653
6839
3422
5354
8231
6503
383
585
7496
3997
5353
2670
7466
1835
4031
6085
3111
213
4235
8220
9879
1757
3060
5674
4849
2257
1282
1898
2417
439
8761
8879
3495
6407
7480
6423
7474
4657
3359
2805
3682
5229
516
5227
1811
4391
8945
9174
3922
4667
3757
2535
7655
5629
645
1933
441
6273
3894
5388
7514
8548
8606
1003
9642
2915
3535
5534
6257
4096
1370
5418
3779
8211
6460
3350
7906
18
355
1583
2628
4810
4665
7863
1502
1705
535
8566
8629
5542
556
3421
2447
8693
2066
8050
3590
5548
3664
3284
2557
1803
6798
5495
2723
8980
8545
6439
412
1025
2972
635
1322
5940
5707
3251
6696
3246
1005
9481
1201
4199
8559
4388
1174
9472
7282
2255
7748
493
7061
233
3840
5255
6496
7983
4648
4975
5405
3183
9353
4079
7826
110
8286
9654
292
2378
9441
6357
7027
3752
5867
3884
9869
6678
7611
5124
9185
2297
2909
8038
8170
697
6720
2600
9457
2585
3365
1659
8054
799
2179
9754
3092
343
1000
5724
8842
6775
3698
7808
1462
4406
7590
8560
6371
4061
3144
7311
3751
1698
4489
1288
6959
3208
6084
2133
1364
9588
8269
6160
7345
2450
8442
4864
2507
5469
6999
4885
596
5752
6829
4935
7764
1078
5791
9810
5850
8364
1272
6390
7479
8802
7434
6858
8889
3351
6208
2100
2157
2225
8612
5670
7962
5638
7754
1408
1248
3139
354
2453
7264
4259
6125
6346
2180
2390
6558
9191
3240
2578
7292
3599
299
4875
1123
3214
633
8165
1380
7823
2263
9780
4730
4822
711
3154
6958
2351
3122
8465
4790
6953
5403
9068
7660
6417
8181
359
9109
3716
8706
4425
8886
3743
5520
5203
9363
1724
5408
1066
2899
9055
5048
192
2228
3887
101
5020
2927
4417
4506
3514
3433
1351
3850
8847
3054
8565
5117
362
5760
9413
6714
1224
2079
5284
6551
9042
9593
1623
988
577
3680
8496
8874
9675
4597
2669
7708
2489
1987
1735
454
3825
8723
6980
9095
2016
7239
6612
7399
3501
6352
7915
7664
8064
2799
3363
7216
2322
91
9503
120
288
8713
5307
9098
8992
6247
9303
5252
9748
8901
2323
6932
7303
5467
2790
8710
7759
7841
5490
9427
7225
3203
8519
1111
1711
6144
7227
453
2027
3231
7989
3831
8796
5005
431
1540
575
6572
3875
225
4899
2934
1232
4934
6635
3024
4847
6335
1196
4070
1731
7034
5964
6957
9516
1529
2721
6514
6088
6576
9466
9532
9987
9195
1532
2575
7085
3646
70
7116
9499
5896
782
6802
6142
2110
8471
4419
1765
6327
8571
7126
9000
2182
2591
1895
3828
8525
4071
3928
4940
2593
7873
4030
6492
9162
9183
1533
5982
7254
2346
5089
3052
2792
5539
2881
4398
8110
3661
3764
2555
7881
8885
1259
5040
3006
8841
4140
4341
3927
850
7569
9268
8262
7684
3445
6881
8647
2890
3179
7516
9977
7406
7483
217
9828
6740
9330
414
1639
3446
6969
319
7058
1756
1588
4582
5870
470
1488
3869
6244
2381
9837
443
1669
2240
5994
4003
3877
9572
2930
2092
685
9883
4097
7026
8351
3766
3713
7465
6178
9241
7334
5178
2213
338
3040
8801
3126
4988
3407
4878
9492
1381
5880
7675
9571
7726
8628
9340
5720
60
1195
1258
8563
3640
3569
417
7070
6378
4824
8720
1882
1065
3598
1629
7372
6015
4106
1455
1518
9161
1849
4527
5442
835
5547
4249
6691
2879
4261
1137
1595
4629
7714
9615
5450
2737
8596
8538
5715
8106
477
2051
6133
1509
9437
2125
9436
938
6377
6914
3659
1328
1809
3774
293
7941
8335
8806
5084
6121
6396
8890
5218
123
4584
1181
8455
2087
7652
6643
235
9313
9959
4924
3312
7201
5938
1737
8600
8499
4959
6196
8833
6985
4776
7781
4485
6651
4470
7835
5141
7071
4237
941
8843
4697
1251
7453
8223
5813
1091
4802
9904
3013
3820
6109
8466
1469
1743
4478
2258
662
2339
5594
8292
9387
79
4471
6022
4617
1210
7602
7545
2148
7042
8451
8704
6583
2904
8012
4681
5204
8368
8537
5866
1816
5030
5738
744
6518
6747
488
4233
2625
4961
7734
6013
2789
6685
7506
7180
7296
4704
1304
8079
1495
674
6884
3822
7891
3224
9867
127
672
9891
4091
2630
9978
7105
1154
4504
6886
1832
9273
9082
5410
906
8939
6553
8187
4046
6940
6225
5478
3701
1576
5313
7154
57
7205
4321
9622
7996
6927
3357
3799
5379
180
8860
6639
8754
1030
2653
5711
8446
2718
6622
8507
4149
6171
8740
4359
9360
6587
6445
1738
5762
1169
5190
4998
8598
104
4020
2836
2610
943
376
304
4858
2411
7661
9625
9943
3476
7215
2536
3376
8413
5003
3817
2369
4443
4941
8172
3909
4805
8347
3206
6106
3674
9731
1769
7541
2629
7874
5663
4216
6038
3271
4423
8412
9112
3744
7911
3895
5782
601
828
1806
9163
1263
7758
4974
8926
421
5589
6461
8749
3107
7886
9091
2592
6118
9914
8142
3059
8574
6546
4620
6588
785
6878
1440
1018
6984
9293
2951
5926
5678
5828
3998
8402
4969
5769
1589
6613
6573
3771
8363
9328
6242
8856
5705
6436
5470
1808
5958
2055
8394
6442
7490
9270
889
5349
372
2106
6363
8321
4843
54
2402
4602
294
435
2090
9208
4607
187
2517
5612
3033
190
8240
6591
4604
8838
9702
9209
4128
6059
978
6659
3019
8083
530
4888
3704
2130
6790
1858
2222
4759
8712
8816
3189
1446
8025
859
4734
6812
6637
4719
9789
9689
665
6441
2634
4147
4816
2446
8570
5292
1645
9629
9549
6345
5091
1060
5338
6319
8140
151
9769
6655
8752
139
9823
3324
9005
4049
550
6735
1197
8633
1270
9962
901
155
8398
4171
2781
3150
4743
4542
4457
6221
5696
9833
5057
5999
9657
1560
3210
5406
7773
3673
920
664
4892
986
5746
2862
6173
4272
241
2564
7912
9433
7256
734
2541
2762
1745
345
4344
2844
7368
6761
7746
6041
1122
451
2989
1900
1537
6506
5279
3215
7142
6730
1713
4733
6717
5838
3710
7084
2064
9929
5159
5192
8829
4656
4589
778
8036
4811
8870
6341
976
1993
797
480
5407
8416
9336
2252
675
6857
1999
256
8588
8486
9611
71
8711
5498
3076
7742
9819
8836
3437
9720
6014
7711
9795
7489
716
8702
9058
3903
6654
5131
8427
6883
4925
8230
3547
5435
3307
7525
9920
8585
3561
5993
7079
948
6361
3626
1435
9989
9343
9497
1054
8200
1183
428
6664
3960
5812
2502
2280
8892
9548
4625
8764
8508
3474
6757
4800
7993
6238
2032
5104
8522
638
2923
325
6822
8014
9820
8480
9684
1712
2964
7843
5691
773
2671
1914
7166
7947
5077
5112
4726
4585
6724
8062
1970
4218
3490
6478
2293
6275
7153
3452
9791
251
2685
3554
6856
8426
5196
5640
6405
3275
3345
9848
2816
6522
1145
2137
2377
3176
9846
2149
2299
4316
2982
6638
1431
679
9146
7025
2962
7147
4788
5420
5831
7194
985
2028
3689
6399
5814
8503
6281
2383
5102
6232
7439
7861
4859
122
858
8671
4568
1089
1029
3740
9246
495
8163
1208
3593
8155
3194
1306
6024
1331
3747
9658
5882
4944
1759
1888
342
4028
8045
2072
9606
1744
2196
2771
4591
6336
5129
2428
4731
956
9171
6338
7459
9244
105
4243
8276
9540
1472
1411
6917
8238
4055
7174
6938
4984
4983
8987
5863
3112
2756
5657
8498
872
4157
6762
4464
5097
1108
1549
8254
1706
5860
2960
6451
8236
4801
3423
6843
7842
6081
2880
8696
6906
4990
6874
7281
9308
9390
7534
6760
5963
1317
2524
2665
5385
2146
4946
8056
2539
3858
2129
6077
1982
6007
2384
2344
8815
3170
5060
257
5050
4918
174
8320
5212
5723
1385
682
1155
8419
468
6610
1565
4222
6090
2803
8410
4194
75
3186
69
7053
3467
8903
8086
5481
9416
7729
9144
2638
9709
1487
9990
6728
7701
6706
4130
7396
8972
2864
7917
3297
4500
6526
1243
182
4575
1389
1718
5254
7641
9756
9279
2523
8380
4490
7362
4821
8173
8825
760
2430
4320
7780
6979
3703
6677
8971
770
5106
5210
5070
6023
3453
9521
8944
5717
1325
6680
4428
3077
5565
1689
4111
8237
8164
6711
3946
9484
3530
1877
566
399
8305
7458
9123
9826
7297
3742
1984
2649
7923
2317
14
3585
9369
9398
3583
3933
7184
7413
8275
4653
402
2883
7167
4361
9127
7125
8028
544
6033
6625
1564
8490
2838
4917
2425
7156
3787
9224
7768
6963
4126
7910
5061
3273
4364
2069
7811
6076
1891
4466
4454
6681
10000
2942
5273
4244
7356
2619
3015
2814
1265
7390
1955
7749
3171
2534
479
6566
4844
8949
3956
6582
2728
7631
29
1804
7005
8318
254
326
7370
3441
4971
8516
9939
4548
1303
4833
188
7165
1652
9021
6044
3849
9772
7796
759
7086
5928
9659
4424
3001
1618
9509
8913
510
7316
4746
9359
7551
4202
1236
5175
9238
4134
9235
2576
962
5885
7980
9237
8102
4129
9821
7669
1086
673
9935
3372
7957
215
4017
6804
9176
4926
3675
8372
5981
1273
4622
1853
8619
8940
2201
390
525
4856
1125
7430
4334
2115
1607
2170
8868
7765
4332
4014
5099
2488
6270
1226
2852
6902
3720
1184
4404
3468
6025
3860
1717
2497
1493
3368
4611
9405
2744
7475
2122
1357
1865
138
4517
3608
3030
1906
912
3653
2682
812
9955
6182
7183
3428
7407
4792
1457
2662
7286
2083
2048
5069
890
2251
5731
7797
6574
3889
1586
5554
9092
9032
7625
8876
2294
9483
4939
5499
3253
6194
7822
4414
5763
6198
3549
1989
3506
1049
3263
3238
9282
929
7662
5365
4841
3531
8738
6841
3340
5692
9596
397
654
725
4708
888
8158
3402
534
1092
5673
6948
147
2059
2531
6060
3654
3398
1543
466
8791
161
7013
5667
296
4077
5786
8068
6726
6915
4866
7214
9746
4446
2274
4601
4153
2676
4109
9753
9382
814
2898
3383
9853
7491
2395
9396
7307
4855
9568
3819
8439
9631
4987
6737
5083
980
8748
7392
5528
4882
5550
4819
7002
5976
3620
5361
6187
336
3765
1721
9758
8195
9129
1840
1418
834
3677
8934
4900
8656
4768
6490
6263
2319
8697
3270
7587
4230
1935
9832
9529
4375
287
6104
1637
8601
3579
4450
4118
7737
2418
4823
3662
2191
9449
9553
240
4787
8667
4775
9751
9115
2218
3227
44
5811
1771
2109
8583
7090
8759
1319
8137
195
1977
4176
9584
9895
9988
4167
849
301
5810
5034
8225
1613
3388
9581
8429
7650
8454
6064
1821
3449
2896
9950
4448
189
2845
8167
6499
6519
9766
8334
5391
4874
3034
8918
844
382
7456
3545
2776
1720
2286
8527
5166
1427
9151
6229
6617
6099
9562
4325
4673
2376
3293
4740
2545
8981
9991
5937
7149
7722
4832
2729
6004
7546
5647
3090
6149
3983
6286
1661
4219
9067
4188
6933
9182
9462
5854
2913
2548
8763
8572
234
1171
7982
754
3823
3082
1157
4343
9714
755
7772
5644
5546
7250
4152
5844
7599
4476
1016
6862
1354
6406
4010
1314
6139
9278
8251
2806
2160
9733
1646
6278
7203
4635
7556
3431
6595
8956
8564
486
9494
921
1147
3098
9062
6219
2657
8491
3299
6994
4172
5796
6911
5134
9974
2298
789
7705
3727
3813
4362
2477
2357
5909
6973
6261
6484
7204
8861
5501
2203
6531
8109
5105
6290
5160
8411
9137
2846
7464
9934
8089
3199
351
6708
1143
475
7212
2467
7543
567
6408
559
6602
7208
6328
6754
2975
908
2713
8917
4102
5843
410
7431
9668
9956
455
3769
2419
1644
5488
4765
8839
7186
8404
3010
1056
6248
862
690
1244
5095
595
1776
8457
129
7837
3063
5491
4327
3985
3385
831
2141
1295
7791
5152
4598
3982
3624
133
8423
337
5335
8342
6951
142
6608
8742
9444
805
6131
374
4294
39
9260
6398
1298
5324
9243
8473
5929
4982
8808
7354
2178
946
7510
5322
7738
2270
9605
4094
6203
6470
224
4154
9884
9918
459
3505
2102
4909
8397
5493
193
8016
6712
8440
117
3259
2599
9825
2415
3685
3057
8977
9422
2082
7604
7290
9159
3580
1464
9648
7447
7045
1794
2212
4973
6091
7636
5434
191
8676
5997
2963
3538
8893
5619
3146
4562
2448
4426
1281
2247
5395
1379
6690
269
8255
8550
1875
2831
4957
1512
6702
3283
7776
4696
398
2694
8317
7129
1470
5340
6808
1426
1017
6418
9381
9963
5392
3374
9886
613
3806
3816
2573
4226
2164
3940
6362
2725
1463
604
9298
5636
6995
6402
7575
158
4729
539
1522
5386
2261
8616
9874
2210
3322
6155
6174
5634
9601
745
4559
5682
5912
6896
905
2441
4453
1591
9996
5241
9477
4142
8674
8437
6191
4883
8152
719
3952
7331
3123
2877
7436
1511
7801
1578
9379
1694
863
2007
9392
9404
3480
2049
599
713
8425
2327
5672
262
6956
9910
5027
1504
7386
6082
2701
7639
1782
6301
7732
855
1507
2977
7763
9501
1947
7648
7716
6585
1904
4732
1781
8638
303
9535
7016
1923
3876
6776
8047
3555
332
8755
543
1605
4488
6393
866
137
2020
6949
8107
8851
6420
2895
2140
8805
7871
9951
9970
6887
3963
1749
9718
4480
146
6343
6447
5891
2892
3714
7152
8258
7310
7908
1709
2929
6967
9446
1941
2733
5920
1393
3635
4387
4215
2970
504
1340
5401
6597
1278
4396
4339
3235
2855
260
2461
7681
5052
9809
6607
3785
4251
1842
2365
5628
5687
4748
6619
1870
5047
3278
7494
3064
9566
5797
3874
7878
7699
1628
9928
3647
2364
3586
1255
5635
591
7198
8349
5042
8800
9212
5270
7731
9707
9865
3835
9541
1546
9456
1909
4297
8271
7422
6907
5599
4127
2406
9026
3532
9738
4217
2494
5611
4369
708
6224
6882
1791
1571
6250
1988
9240
2606
7830
9539
5306
6667
809
6277
7253
2325
5706
1733
1703
9729
5899
7285
9435
9700
1076
4177
2337
5869
1681
3821
1918
6192
7130
1335
5798
1294
632
701
647
3119
7099
6513
1410
5653
4161
2750
2568
560
1524
9018
9667
565
5191
2281
8436
2370
6031
8884
7985
4613
911
9752
5427
8175
8830
6741
6540
738
7073
6814
5262
3642
531
1884
7279
6860
2828
2894
3784
7056
9043
5332
9599
4728
8888
4610
5734
3116
7810
6323
1608
3250
8033
4146
5549
992
5049
437
5567
9636
9459
9307
4547
1845
5922
7221
558
8459
3067
5987
7856
1942
9485
2245
3893
7573
1649
5125
4248
2095
8993
7380
4232
2190
1200
74
8359
7326
4455
2966
5699
9476
6813
2830
6855
5223
2897
8846
6910
5
446
5226
6157
8899
4703
795
7665
3342
6020
2063
9490
1371
867
8061
502
5220
6416
4679
7364
9653
3511
3094
1353
6231
749
8484
6832
77
3149
6424
1883
1179
7800
4286
9252
7442
8309
1774
3633
1636
5883
841
3274
4571
704
3016
9120
9347
507
8371
8524
1961
8174
7199
9002
2432
6817
6746
229
2697
2010
1772
6030
1267
5268
8512
6394
9280
3845
1936
6321
5765
6376
7647
5195
3085
3462
3245
5425
23
2211
588
1674
4460
2967
5260
2870
5613
3924
4742
3411
1010
6028
6097
8741
7733
7234
340
1981
4156
3687
2703
6962
6504
2708
8197
8649
6448
3591
2835
6547
8855
5282
8631
1728
9258
3592
3174
769
8119
2658
3026
5894
7478
1026
5865
9486
1601
